sensor_readings, r: 0.07992608889965723, std_dev: 0.017887595254031392
0.07341721636354077
0.08250360647843777
0.06616041488124534
0.06561567950224789
0.06561567950224789
0.0656824308133746
0.14296699776516747
0.07708174797230574
0.06561567950224789
0.07513728399555175
0.07985318931955525
0.07708174797230574
0.07708174797230574
0.07341721636354077
0.07513728399555175
0.07708174797230574
0.07463326838108193
0.07893943030741839
0.13239857023445634
0.07650594712039215
0.07705815688078452
0.07635967391932813
0.07513728399555175
0.07341396507393076
0.07666245737829083
0.07574926076974109
0.07708174797230574
0.07574926076974109
0.13240387089511432
0.07500074410430996
0.07547131762875844
0.07468522006493934
0.07468522006493934
0.07513728399555175
0.07708174797230574
0.07709454263924403
0.07574926076974109
0.07574926076974109
0.07574433296982468
0.07513728399555175
0.07591795597742465
0.13240387089511432
0.07482885753240659
0.07482885753240659
0.06561567950224789
