sensor_readings, r: 0.22289952512967942, std_dev: 0.013818924132216692
0.21697767095882264
0.27073247870783
0.21697767095882264
0.21573251399592716
0.21644999513062432
0.2185414088358044
0.2185414088358044
0.2185414088358044
0.2185414088358044
0.2197482903042515
0.2197482903042515
0.2197482903042515
0.26193261708432214
0.2197482903042515
0.2197482903042515
0.21950464969382008
0.21950464969382008
0.21950464969382008
0.21965957108372153
0.21950464969382008
0.2182915750351608
0.21950464969382008
0.21950464969382008
