data/trash_datasets\water_2\fps10_exp_1000, r: 0.11304044498069421, std_dev: 0.0007852499099312684, fps: 1.0646954734983327
data/trash_datasets\water_2\fps45_exp_100, r: 0.11299350892280384, std_dev: 0.00038002701144469796, fps: 1.1275279358939998
data/trash_datasets\water_2\fps45_exp_50, r: 0.11055951110609903, std_dev: 0.0004228135262300025, fps: 1.398085068943698
data/trash_datasets\water_2\fps45_exp_500, r: 0.11475077801894688, std_dev: 5.416072990129542e-05, fps: 1.0320131233422338
data/trash_datasets\water_2\fps10_exp_1000, r: 0.11304044498069421, std_dev: 0.0007852499099312684, fps: 1.0646954734983327
0.11464954058680196, 1.4306616634097525e-10
0.11210399982045349, 9.540351671631888e-11
0.11363895771197532, 9.600695524886611e-11
0.113636869640392, 9.448204097354417e-11
0.11362635096058327, 9.345956183953351e-11
0.11363447339950151, 9.491399655612901e-11
0.11211533848597376, 9.536307660777397e-11
0.1121246222331426, 9.725690887301967e-11
0.11367111394527815, 9.519919218107223e-11
0.11219736343116465, 9.466206169433968e-11
0.11211946064824181, 9.468442874603471e-11
0.11203852617855053, 9.445424904648688e-11
0.11362342893241639, 9.536243425698173e-11
0.11209662456975884, 9.487880896267847e-11
0.11361567603896047, 9.317994606248066e-11
0.11363964848909996, 9.652331395036037e-11
0.11365620136281651, 9.423437301701614e-11
0.11215647649482906, 9.512231668154645e-11
0.11366836889664766, 9.631129227729981e-11
0.11212078176624198, 9.492421511272774e-11
0.11347232615557147, 9.53226418968397e-11
0.113640956848093, 9.511458394920748e-11
0.11205959315679778, 9.432030540518278e-11
0.11363823999223385, 9.388525314423704e-11
0.1120668318250528, 9.551258692069294e-11
0.11364863701378161, 9.537029951505572e-11
0.11202846154528318, 9.523844868000809e-11
0.11369710573063946, 9.692293940848947e-11
0.11218928710252023, 9.740751863768562e-11
0.11360343244538762, 9.395635590319133e-11
0.11359433075004756, 9.318505255981334e-11
0.11363227344389934, 9.383945831568356e-11
0.11365265698962478, 9.46504640942581e-11
0.11213401147968549, 9.526300386256566e-11
0.11211641996708599, 9.550210778244561e-11
0.11217606062559587, 9.494644483276294e-11
0.11370310162920827, 9.492522635526241e-11
0.11363582572811597, 9.61664224092016e-11
0.11358661660532024, 9.349637886327352e-11
0.11365395543197115, 9.521512366598319e-11
0.11360147005438256, 9.476936948157117e-11
0.11364494147211719, 9.54054763699488e-11
0.11364183198914792, 9.646059971487678e-11
0.11205301601963588, 9.525630136392291e-11
0.11203735429575643, 9.287278922950034e-11
0.11350515066563086, 9.591521638323841e-11
0.11210112829746297, 9.638436386893096e-11
0.11363961474172157, 9.665439274168715e-11
0.11208675085186255, 9.417940130043658e-11
0.11364704258824776, 9.429482575860908e-11
data/trash_datasets\water_2\fps45_exp_100, r: 0.11299350892280384, std_dev: 0.00038002701144469796, fps: 1.1275279358939998
0.11082214441964701, 1.008663574649953e-10
0.1134107900173223, 1.382563516583647e-10
0.1132193041518907, 1.4403542816756616e-10
0.11324987563184505, 1.3981967439589355e-10
0.11315900739633375, 1.4210398229955187e-10
0.11304990914266645, 1.430539983339629e-10
0.11308976158276451, 1.36327132381485e-10
0.11318857151386047, 1.380235206028431e-10
0.11264064223079584, 1.3921502988009696e-10
0.11290669976052418, 1.3769938227635566e-10
0.11299402110580012, 1.4209041615779528e-10
0.11299540296535522, 1.3719811179357956e-10
0.11283231450419122, 1.3801140322940741e-10
0.11315576455536115, 1.359595562963258e-10
0.1128825132882741, 1.320044671225408e-10
0.11292220157289623, 1.365103931643495e-10
0.11299246946060328, 1.3595550295356672e-10
0.11313063349255532, 1.3512360650730694e-10
0.1123582100199579, 1.293105872696419e-10
0.11306596356753397, 1.4067870054330068e-10
0.11285171258591241, 1.3400265370855976e-10
0.1131920399578542, 1.351388779800073e-10
0.11311265249650827, 1.3583310559782867e-10
0.11299699383380919, 1.3843592714240966e-10
0.11311577037040423, 1.3461219424471963e-10
0.11269035430232772, 1.3470904625047184e-10
0.11339957751878493, 1.407868930392873e-10
0.11318552248529724, 1.391855013751737e-10
0.11284015410435144, 1.395300412967124e-10
0.11339871750351956, 1.346023336304061e-10
0.11285993991666096, 1.3118314819179073e-10
0.11328160752838046, 1.446877966098764e-10
0.11317037765831409, 1.371214573725721e-10
0.11306124419147182, 1.3836935896198925e-10
0.11286315891661156, 1.3552131938305822e-10
0.11321953905643951, 1.4424621471927877e-10
0.11324834113716245, 1.353261365777055e-10
0.11319146255514925, 1.379577730907691e-10
0.11319737448100718, 1.3732140408992852e-10
0.11289640585600068, 1.3339725316814647e-10
0.11277973549898865, 1.2917414542395624e-10
0.11313440395698596, 1.3204961762321323e-10
0.11293314490465382, 1.3641991072661268e-10
0.11262699260503777, 1.3242400547061634e-10
0.11312829351913396, 1.412142437890779e-10
0.11296695680032276, 1.3464048470438943e-10
0.11290801759043168, 1.342768600088455e-10
0.11297043811931995, 1.415837582178039e-10
0.11294624994955721, 1.3493337073758133e-10
0.11344206635961486, 1.4654317104065944e-10
data/trash_datasets\water_2\fps45_exp_50, r: 0.11055951110609903, std_dev: 0.0004228135262300025, fps: 1.398085068943698
0.1109357532359752, 1.0591071865269631e-10
0.11024187592039562, 1.0510458082807289e-10
0.11007588182829843, 9.991898013714063e-11
0.1102185992627577, 9.886055934861368e-11
0.11111443497481564, 1.0625785713464483e-10
0.11055232457695502, 1.0271488609006215e-10
0.11032335172173306, 9.732243018619794e-11
0.11073024355478615, 9.942143731623407e-11
0.11040321266535086, 1.0550091634615948e-10
0.11078507575273132, 1.068187726081117e-10
0.11044997187463859, 1.002576167833321e-10
0.11005079942289897, 9.863388883597872e-11
0.11002242734995893, 9.788116148124455e-11
0.11045170302928457, 9.905020445785911e-11
0.11090011734496642, 9.823761607794561e-11
0.11049083451849244, 1.0427924183770361e-10
0.10988350744212479, 9.846465035092306e-11
0.1097431705245624, 9.84685321081685e-11
0.11018428306827903, 1.018826860445831e-10
0.1108043934885409, 1.0510190667799795e-10
0.10978246673773305, 9.44404608628557e-11
0.11037486026313896, 1.044763765001994e-10
0.11135093840487476, 1.1041410051495278e-10
0.11043015037796933, 9.961215012752568e-11
0.11016283838735834, 9.438236943165882e-11
0.11056750607313577, 1.018720689100888e-10
0.1099108674103833, 1.0314444246988165e-10
0.11073637885541861, 1.0191054285447803e-10
0.11053531275114883, 9.823731346838848e-11
0.11058986848081752, 9.94852105901944e-11
0.11114790457521337, 1.0428431724148887e-10
0.11023809520419829, 9.924755954736856e-11
0.11134135581539273, 1.0352770966584103e-10
0.11028651344532188, 9.891626945446402e-11
0.11105691236247867, 1.0833382490577893e-10
0.11093781653994354, 1.0163490077976349e-10
0.11063058462254764, 1.0607347295670355e-10
0.11102114999953426, 1.0217539384555863e-10
0.11101872154262672, 1.0035029020738363e-10
0.11132934813325582, 1.045603434143183e-10
0.11131340632136348, 1.0536632380229368e-10
0.11029053004523137, 1.0314460239619666e-10
0.11034949128760928, 1.0297004543323674e-10
0.11050066317836364, 1.0207425345490824e-10
0.10999672890464894, 1.0353037437916121e-10
0.11075794714144914, 1.0540197393509562e-10
0.11078238411543452, 1.0211649507959821e-10
0.11054111728080603, 1.0053735433200536e-10
0.11072110050661604, 9.492348971225037e-11
0.11091063498339092, 1.0424496426191938e-10
data/trash_datasets\water_2\fps45_exp_500, r: 0.11475077801894688, std_dev: 5.416072990129542e-05, fps: 1.0320131233422338
0.1146931836980918, 1.441963387436175e-10
0.11481983429330345, 1.4891144346074401e-10
0.11480661545618309, 1.4665076967582892e-10
0.11478986053165059, 1.479858132315604e-10
0.11480402717402748, 1.4877443382047082e-10
0.11477441948019175, 1.4588075530622425e-10
0.11483830993475229, 1.493412561202643e-10
0.11482061983579843, 1.4729228854875805e-10
0.11476301085480686, 1.428953962373141e-10
0.11476042810408975, 1.4493772475262964e-10
0.11486172668868821, 1.4456381328913694e-10
0.11477648170937192, 1.5123642523265435e-10
0.11468707867969265, 1.458837179154053e-10
0.11469256500897512, 1.4692364680584446e-10
0.11465075640222026, 1.4510347240474168e-10
0.11473057940821146, 1.4546835584255485e-10
0.11476167598988213, 1.4669405129149597e-10
0.11476055441198707, 1.4642090822279218e-10
0.11466606312025496, 1.4647108916279492e-10
0.11480701285328189, 1.4767562201736476e-10
0.11472145454669887, 1.4683204384654935e-10
0.1147441326764444, 1.5075918599153964e-10
0.11474800664129912, 1.4741051654174263e-10
0.11471751546636712, 1.4219351774509354e-10
0.11474630808456117, 1.4251254754715618e-10
0.1148139353991073, 1.4696229955377079e-10
0.11471445877107644, 1.4658685293672287e-10
0.11472274380921504, 1.433516279043368e-10
0.11471572507703234, 1.4384294092704748e-10
0.11468048234282592, 1.4662167494127969e-10
0.11475783622304207, 1.4651919684401945e-10
0.11469527862814055, 1.437339383507367e-10
0.11480893300250895, 1.4476947045610837e-10
0.1147459944018871, 1.4956551342359562e-10
0.11478940070183846, 1.4634190098022549e-10
0.1147902808097382, 1.4500918329135568e-10
0.11468178184438206, 1.443062990850781e-10
0.11473990984265375, 1.4400983150286738e-10
0.11470040103083327, 1.4416440316872027e-10
0.11467459613426388, 1.4317136889339184e-10
0.11483465113980208, 1.468750249762649e-10
0.11471144825672253, 1.4626706116612982e-10
0.11463571956143546, 1.4375475847050784e-10
0.11472054208389613, 1.4517071830362092e-10
0.11480520536892909, 1.499164745305896e-10
0.11470056067768168, 1.432414386519966e-10
0.11477689827538491, 1.4737595100204705e-10
0.11475691874763182, 1.4720872484832825e-10
0.11480785894434783, 1.4832544163075116e-10
0.11481511882213559, 1.4826496322303996e-10
