data/trash_datasets\wet_pvc_400_wet_pico_middle_2\fps10_exp_1000, r: 0.15956928270877144, std_dev: 0.002498729034033956, fps: 1.057834799577609
data/trash_datasets\wet_pvc_400_wet_pico_middle_2\fps45_exp_100, r: 0.15393622791912198, std_dev: 0.012825560245046802, fps: 2.114063386639521
data/trash_datasets\wet_pvc_400_wet_pico_middle_2\fps45_exp_50, r: 0.06807710364032031, std_dev: 0.017813169164591115, fps: 4.024893418586309
data/trash_datasets\wet_pvc_400_wet_pico_middle_2\fps45_exp_500, r: 0.14280801639204038, std_dev: 0.002076817147043925, fps: 0.9771133404081089
data/trash_datasets\wet_pvc_400_wet_pico_middle_2\fps10_exp_1000, r: 0.15956928270877144, std_dev: 0.002498729034033956, fps: 1.057834799577609
0.14227972634269562, 1.6421547619417305e-09
0.15990106193928286, 1.5084168149853176e-09
0.15968786680605998, 1.488337445939274e-09
0.15968029485076637, 1.4812318621213126e-09
0.15974592636590612, 1.497060255106327e-09
0.15969436880322924, 1.4984045584990075e-09
0.15971402072099197, 1.4928047925281581e-09
0.15983614443119942, 1.4925598851531424e-09
0.15997636943528695, 1.4839899038170834e-09
0.16004071758056182, 1.4947060141572298e-09
0.15983504329114204, 1.4973112616437612e-09
0.15984689607592653, 1.4840383653009168e-09
0.15978334530890406, 1.5043790121171267e-09
0.15994577809541247, 1.4985380330359691e-09
0.1600794845624169, 1.4993223576412638e-09
0.15983007229993784, 1.510032519014229e-09
0.15998838581383476, 1.5168839834845926e-09
0.1599026050458733, 1.4988032342659683e-09
0.1598712901545133, 1.5153601970647582e-09
0.15994042315598214, 1.5057216545827938e-09
0.16005194829562336, 1.507549635650763e-09
0.15989916413645075, 1.5053140525387272e-09
0.1600228397168693, 1.4823782218567412e-09
0.1600896922094127, 1.518974680812284e-09
0.15991876386223758, 1.505997589590824e-09
0.1601575865468046, 1.5261071178288722e-09
0.1600582571111415, 1.5102468488596317e-09
0.1598218162486924, 1.5058707960823261e-09
0.15969739993436705, 1.494780823276616e-09
0.1597384386124293, 1.4977568842761893e-09
0.15994651448010316, 1.5155796973764953e-09
0.16000220351471175, 1.5206177329371489e-09
0.15990058242792624, 1.5195007734751916e-09
0.15980486361211071, 1.496553691064109e-09
0.1600351776029512, 1.5234072643152584e-09
0.16006407516354768, 1.5062563654910016e-09
0.16002550598200932, 1.5292744591393976e-09
0.16026912487334427, 1.5218160417181389e-09
0.15995445426984342, 1.5192632126260718e-09
0.1601560642312858, 1.513120597154881e-09
0.1598888980454019, 1.5184603616679641e-09
0.15990472700324732, 1.5247870869957298e-09
0.15999204007186218, 1.5251518840239394e-09
0.15996365544163843, 1.5301023413612982e-09
0.15978479151968852, 1.4940795390300644e-09
0.16014864462607342, 1.5193141964849376e-09
0.1597986889305445, 1.5015719451784019e-09
0.15988899573598306, 1.509840958367256e-09
0.16002030314994553, 1.498355376295461e-09
0.1598790970024013, 1.5100042512108043e-09
data/trash_datasets\wet_pvc_400_wet_pico_middle_2\fps45_exp_100, r: 0.15393622791912198, std_dev: 0.012825560245046802, fps: 2.114063386639521
0.06577589991530629, 3.653335372967512e-09
0.15555916607497752, 1.9945170948783096e-09
0.15725871028922933, 2.047563906850154e-09
0.1561002789674334, 2.008830578140232e-09
0.1561370710734389, 1.9684659218107674e-09
0.15825812794794475, 2.03821665237045e-09
0.15371582287075833, 1.992223831166207e-09
0.15561206272331868, 2.037305060732178e-09
0.1532660462326588, 2.0010679458794665e-09
0.1534749342200333, 1.92478798963882e-09
0.15338991615738337, 1.993202811489264e-09
0.15385568445412925, 1.934707651767469e-09
0.1558403196551083, 2.0440803724553513e-09
0.15615035039971586, 1.9345332031925314e-09
0.15591832546499926, 2.0484761793508707e-09
0.15746460018946098, 1.974649670656412e-09
0.15326419413579712, 1.978232942983017e-09
0.15656994346292283, 1.9817487506001834e-09
0.1558485090243292, 2.001528967618733e-09
0.15636023989316059, 1.9350379118093885e-09
0.15836664815980042, 2.0517011281076652e-09
0.15447489448533502, 1.9595074882268463e-09
0.15536221009909276, 2.042217521565816e-09
0.15548512374422022, 1.9301350358414466e-09
0.15587379852638386, 2.00311208419305e-09
0.15572250649374744, 1.965032007847761e-09
0.15553677543100947, 1.9142496382963327e-09
0.1531823781988756, 1.8315946161056852e-09
0.1581507279910016, 1.905619091039243e-09
0.1560107403611277, 2.046986890746653e-09
0.15717404071449617, 1.8886013219172727e-09
0.15807201812516317, 1.999375768677318e-09
0.1587175279887624, 1.9311812759222244e-09
0.15386464612862794, 2.0779941015716695e-09
0.1565658542296541, 1.9799130161094845e-09
0.15562399602839946, 1.936542609313373e-09
0.15781831180997585, 1.9649017706011133e-09
0.15594332518701245, 1.886261819394913e-09
0.1563977544419363, 1.9007590248256833e-09
0.15852340533409168, 1.9663999619769885e-09
0.1560753055047477, 1.9578551511652e-09
0.1575360937957434, 1.999516584627953e-09
0.15591219349306548, 1.923617209996194e-09
0.15751031041766003, 2.010963179139053e-09
0.15303116045746262, 2.0205937384281555e-09
0.15423123374982267, 1.9545362567125506e-09
0.1535055422327449, 1.999158711367316e-09
0.15531185856340202, 1.9498845032423582e-09
0.15346110015131842, 1.9085292313275446e-09
0.1535497109593131, 1.995464313804247e-09
data/trash_datasets\wet_pvc_400_wet_pico_middle_2\fps45_exp_50, r: 0.06807710364032031, std_dev: 0.017813169164591115, fps: 4.024893418586309
0.06514196331899298, 3.737861543813322e-09
0.06489662214379985, 3.4486935031913347e-09
0.06553101752509896, 3.360437361052231e-09
0.065756483791914, 3.913700291373154e-09
0.06622889127560147, 3.919855420848685e-09
0.06632868424960882, 3.791412565736664e-09
0.0647129353536912, 3.3733462378776977e-09
0.06548817422634444, 3.166794050629616e-09
0.06496541199368211, 3.205368234533926e-09
0.06577316394594823, 3.7151365764503684e-09
0.06523505856776893, 3.560566987476736e-09
0.06598859332308372, 3.91763051123804e-09
0.06524831212455942, 3.442103639534113e-09
0.06558304184750782, 3.557512033598301e-09
0.06597859327955918, 3.3333110943698935e-09
0.06568554601637817, 3.5555647676664648e-09
0.06532406098230478, 3.4089969423546516e-09
0.06510774239980414, 3.4440840271005453e-09
0.06550285023678834, 3.776841266734264e-09
0.06587150371801961, 3.5392510993316803e-09
0.06587345740372781, 3.629247728099841e-09
0.06500141628712522, 3.522528794840082e-09
0.06540316456352344, 3.4062780462407683e-09
0.0656183921183119, 3.2821294793847036e-09
0.06503682037415823, 3.3987368160655887e-09
0.19144867504624696, 3.874129635937006e-09
0.06542027695427018, 3.6109492372764145e-09
0.06512127123016959, 3.3764888209258e-09
0.06544195306060663, 3.756140402622751e-09
0.06585418070009452, 3.7090222345546007e-09
0.0664358871462222, 3.725325662703343e-09
0.06395127342315667, 2.8751206687067016e-09
0.06607518565345445, 3.79354895168374e-09
0.06575872359972364, 4.020324553319985e-09
0.06571000500597486, 3.645485247520411e-09
0.06631685256334556, 3.56239968957172e-09
0.06431635352435089, 3.5156527867629165e-09
0.06592453079582988, 3.2581034543780726e-09
0.0648059016590565, 3.295490489763295e-09
0.06556203572945146, 3.2980460635880655e-09
0.06557277720281944, 3.269603017574827e-09
0.06563084404160954, 3.345131588534397e-09
0.06708905730015068, 3.821109109589527e-09
0.06487592725200188, 3.737034129002897e-09
0.06518176898278835, 3.6419359013095356e-09
0.06494209465059789, 3.6367172681074694e-09
0.06621626179749376, 3.6551277271237482e-09
0.0666534004148089, 3.488093007954401e-09
0.06632221842953542, 3.5735006321019315e-09
0.06594582478495302, 3.6587739253931658e-09
data/trash_datasets\wet_pvc_400_wet_pico_middle_2\fps45_exp_500, r: 0.14280801639204038, std_dev: 0.002076817147043925, fps: 0.9771133404081089
0.1558781157693529, 1.887448193785473e-09
0.1454440962690638, 1.6550714285753796e-09
0.14250542527477653, 1.6665964940328935e-09
0.14548466870133633, 1.6418270620477132e-09
0.1421525549374019, 1.6348572095334458e-09
0.14232914483692255, 1.6602009643243262e-09
0.14230865792512884, 1.6460040906464221e-09
0.14225574043837494, 1.6389444095454627e-09
0.1423459155548686, 1.648129563229299e-09
0.14230792633181577, 1.6618268298679822e-09
0.14226396398209687, 1.6574781355708558e-09
0.1420784908775627, 1.6297440170413422e-09
0.14533097119115196, 1.650543953499886e-09
0.1421771241892859, 1.6336788399390255e-09
0.14217813958185732, 1.6634841996486511e-09
0.14205436276574773, 1.6322712838901348e-09
0.14204825872268773, 1.641785582715822e-09
0.1423598489472439, 1.6353478647718794e-09
0.14236191584349225, 1.6286500162810097e-09
0.14213140635501015, 1.6423569352976614e-09
0.14220986519134532, 1.648963298261304e-09
0.14241124362418228, 1.6409661352007417e-09
0.1424898383142403, 1.6389845711663019e-09
0.1421755124712769, 1.6371668421093704e-09
0.14237423241326, 1.6465234329258782e-09
0.1420595056152477, 1.6242113507307226e-09
0.14237146205899767, 1.6560184648476562e-09
0.1423764107091884, 1.647036860697819e-09
0.14215384686040144, 1.642027621480875e-09
0.14218440007809202, 1.6449192310771935e-09
0.14202614668946012, 1.6397742287444813e-09
0.14240627980172904, 1.6417138876481843e-09
0.14233441821879947, 1.6255815895312425e-09
0.14246881572774212, 1.637151312146263e-09
0.14240478164246415, 1.6515763609148633e-09
0.14236104507744862, 1.633291758077578e-09
0.14231067192119476, 1.6500121104106557e-09
0.14212898465309237, 1.6376250189703837e-09
0.14225270193194672, 1.6305765722446512e-09
0.14237269553358178, 1.6419748357297623e-09
0.14215605973909345, 1.610687759386641e-09
0.14254754184228674, 1.6392221279728043e-09
0.1425960787827258, 1.6297212650281109e-09
0.14230757988913834, 1.6190834667764843e-09
0.1421411231664573, 1.6446654329269782e-09
0.14209303546931137, 1.6307164993356599e-09
0.14233701441500696, 1.6449847866767352e-09
0.14541689747760805, 1.649743050737465e-09
0.1424976712167536, 1.6555107988209531e-09
0.14243823057476904, 1.6317762539994672e-09
