data/trash_datasets\wet_pvc_400_wet_pico_middle\fps10_exp_1000, r: 0.16922171825675553, std_dev: 0.004002792466128047, fps: 1.1847513029088277
data/trash_datasets\wet_pvc_400_wet_pico_middle\fps45_exp_100, r: 0.1599769872196612, std_dev: 0.00203602307891657, fps: 1.8483178965907685
data/trash_datasets\wet_pvc_400_wet_pico_middle\fps45_exp_50, r: 0.09860504303195837, std_dev: 0.045569261939335644, fps: 2.3946604746019218
data/trash_datasets\wet_pvc_400_wet_pico_middle\fps45_exp_500, r: 0.1420344326176401, std_dev: 0.0027155012064671823, fps: 0.9199018817880779
data/trash_datasets\wet_pvc_400_wet_pico_middle\fps10_exp_1000, r: 0.16922171825675553, std_dev: 0.004002792466128047, fps: 1.1847513029088277
0.14248885647474427, 1.127892219304105e-09
0.16943310914589133, 4.840131296558457e-10
0.16939446780081183, 4.870018481290409e-10
0.16934985897339558, 5.049919842881476e-10
0.1668095760329279, 4.989345093501424e-10
0.16950631508614328, 4.836322747955911e-10
0.1695150107244155, 4.845965856186326e-10
0.166861138605497, 5.040238111389381e-10
0.16962105141389935, 4.918923172345003e-10
0.16953967254694388, 5.017080564342218e-10
0.17033479453002864, 4.878833793935728e-10
0.1686507457887555, 5.119160334851278e-10
0.17039371599865677, 4.834066459365698e-10
0.1701326859437313, 4.98265167304919e-10
0.17033957775202718, 4.739295348814906e-10
0.16754679145236925, 4.96736219198585e-10
0.17018358292149724, 4.999376468663809e-10
0.17022230938629995, 5.10940063761052e-10
0.16775243575657908, 4.893692778096547e-10
0.17028577958278027, 4.933782727984304e-10
0.16774752704540202, 4.968547385740822e-10
0.17049290715229193, 4.68824093567811e-10
0.1690616136266171, 5.006565867705441e-10
0.17040123511402183, 4.887717989196145e-10
0.16784071059739916, 4.989683848038765e-10
0.17043792694005216, 5.043372070480306e-10
0.17031598262469477, 5.056314329647477e-10
0.17043595425999467, 5.049031799871679e-10
0.17046375407104525, 4.990147530052236e-10
0.17064707224021794, 4.872212637240302e-10
0.1704789833441121, 5.022343475547796e-10
0.17061080811459867, 4.816273060001909e-10
0.17057155047137923, 4.994845981356874e-10
0.16901331235193934, 4.933037422778119e-10
0.17067414891415017, 4.795266910644714e-10
0.17057167514973504, 5.050533887036529e-10
0.17066032203291528, 4.92550896133404e-10
0.1706435933930896, 5.147572598473883e-10
0.17063571724762294, 5.014514471361498e-10
0.17056371549051938, 5.016315586123433e-10
0.17074596718991542, 5.017983469605008e-10
0.17089153009107727, 5.102360746784003e-10
0.17088209777756033, 5.033455183357727e-10
0.17076329782603006, 5.133257743906119e-10
0.16914615991809892, 4.820211406298669e-10
0.17100209056862664, 4.951790631095416e-10
0.1693144897464303, 4.883196225050788e-10
0.1692336910556772, 4.88610750092957e-10
0.16911266073280426, 4.925397900262529e-10
0.169363941832362, 4.900343408333273e-10
data/trash_datasets\wet_pvc_400_wet_pico_middle\fps45_exp_100, r: 0.1599769872196612, std_dev: 0.00203602307891657, fps: 1.8483178965907685
0.14680950469088078, 2.8250972403123807e-10
0.1596248055391008, 5.846625987378527e-10
0.15997751444535885, 5.901372460879619e-10
0.15995843810302948, 6.148046491769011e-10
0.16146213372532311, 6.109155028921907e-10
0.16106860067017242, 5.900312947471086e-10
0.15988834806290134, 5.71159416172544e-10
0.1603699489505666, 5.795472363869428e-10
0.1600470977141616, 5.865293267111671e-10
0.1594333202669551, 5.89178602910719e-10
0.16123255703523523, 5.693578791974418e-10
0.1592902744082125, 5.70741496592856e-10
0.15963213687056704, 5.971996547077347e-10
0.16092748024146775, 6.034208313277439e-10
0.1608648181237708, 6.235098687893795e-10
0.16027013293161205, 6.204433353682314e-10
0.16007708506368068, 5.883108514948404e-10
0.16011061256782272, 5.860092511964974e-10
0.16060190152551182, 6.10279084709161e-10
0.16047874272521245, 6.052863289325994e-10
0.1610133710218717, 6.29110152435425e-10
0.16006784148215997, 5.503007313716699e-10
0.1603591993226377, 5.900641213089796e-10
0.16064136352755218, 5.829869963643893e-10
0.15993824368402657, 5.634687462053716e-10
0.16088200090680876, 5.794616787644001e-10
0.15807488108502238, 5.620520570911115e-10
0.16035582416237903, 6.054957521237034e-10
0.15981946102524341, 5.96022298555954e-10
0.159606940975348, 5.820736292960299e-10
0.16098156325745808, 6.206440815382998e-10
0.15967594571607988, 5.891700788248806e-10
0.1616278451035904, 6.021107665491786e-10
0.15904189741019006, 5.960904622730024e-10
0.16026715262106558, 6.023198411326989e-10
0.16081656314802195, 5.595646703317606e-10
0.15934364969695997, 6.058727173382155e-10
0.16017502060122324, 5.978705479664806e-10
0.1618563974488129, 6.040892332233071e-10
0.1610711986375493, 5.90290127812479e-10
0.16080111798249352, 5.784019199967399e-10
0.15963599881491755, 5.761012143395433e-10
0.16002634917414993, 5.994534129042333e-10
0.1598440102756428, 5.927020990614354e-10
0.15965055446143422, 5.971740496605367e-10
0.16095174782841293, 6.031010709897632e-10
0.1594046353103163, 5.79702890489278e-10
0.1608928215321464, 5.928027557097214e-10
0.16066786644361344, 5.936828680478882e-10
0.15923244466438524, 5.681423242713172e-10
data/trash_datasets\wet_pvc_400_wet_pico_middle\fps45_exp_50, r: 0.09860504303195837, std_dev: 0.045569261939335644, fps: 2.3946604746019218
0.03486969325256995, 1.7040034900319425e-10
0.12356319735562582, 2.26909947396864e-10
0.13118583440765044, 2.3056236132287456e-10
0.1226239925610231, 2.1918177112215962e-10
0.13892284205760905, 2.2934317301083508e-10
0.034799740189348186, 1.7231143119903664e-10
0.13709197091673794, 2.450572525163222e-10
0.12974609497933515, 2.424262518600024e-10
0.12514318882856165, 2.2629263856038753e-10
0.036004594437644935, 1.9078892244030607e-10
0.03656994859964731, 1.8834740900648939e-10
0.1457458852902626, 2.6671094012455567e-10
0.03698646622522987, 2.1051005642828345e-10
0.036636097852142065, 1.969178671040146e-10
0.036576680687975004, 2.161400099417107e-10
0.13093420045457, 2.538692572239475e-10
0.14113365812459652, 2.5898302304673417e-10
0.03708662952505022, 1.996634615688191e-10
0.1278286755131645, 2.2176742689810228e-10
0.14803661450297065, 2.6463654502649666e-10
0.12709667889603835, 2.482260339865656e-10
0.11867505689859996, 2.1746028069063147e-10
0.12627548557109103, 2.116275292417532e-10
0.035844505978083814, 1.838192797881038e-10
0.11264265328297486, 2.052544788486863e-10
0.038469064390992874, 2.4109740528723195e-10
0.11900561838551159, 2.2046699905739837e-10
0.03738867990452901, 2.256110883161368e-10
0.14189188691420118, 2.571029618784688e-10
0.033739918765479174, 1.3576598057444557e-10
0.13959571111291583, 2.606386754958392e-10
0.03819013640767112, 2.3310168146261423e-10
0.13725316148235886, 2.360109359486382e-10
0.03722959369591798, 2.067962899884747e-10
0.12662029738072017, 2.3318923040967074e-10
0.13127738387304871, 2.333517269692326e-10
0.13900631203802033, 2.525319726688336e-10
0.03722210357036698, 2.4478808967721537e-10
0.14140965801077512, 2.416956466020887e-10
0.12518495176849492, 2.3809848332920963e-10
0.13156695082399925, 2.519158708564316e-10
0.03881254073553649, 2.3253513275248673e-10
0.12369650070979282, 2.3755485880557204e-10
0.12258210803193242, 2.1991424152703268e-10
0.1355411870527539, 2.4485070766119065e-10
0.13714299484416026, 2.7302150495073554e-10
0.14002022803982025, 2.5113961590170035e-10
0.03640918573283684, 2.1027357396025916e-10
0.11325269575245665, 2.1618190891460092e-10
0.11572289578512075, 2.0902377355556737e-10
data/trash_datasets\wet_pvc_400_wet_pico_middle\fps45_exp_500, r: 0.1420344326176401, std_dev: 0.0027155012064671823, fps: 0.9199018817880779
0.1605389427218083, 5.725831749528386e-10
0.1412227691188292, 1.0746971374464545e-09
0.1409729346092732, 1.0932359962899595e-09
0.14105612671841694, 1.0741842495645316e-09
0.141465359128097, 1.0953718683698478e-09
0.14130269654087313, 1.0919434812920088e-09
0.14152115466845583, 1.0728259821146105e-09
0.14126748033030345, 1.0805797426249484e-09
0.1412221230501964, 1.0863816732259514e-09
0.14120177945275475, 1.0820587725840167e-09
0.1415618884617779, 1.0843096033939417e-09
0.14080875448901672, 1.0864393460917695e-09
0.14137535449223274, 1.0681734012593873e-09
0.1416681882153563, 1.0895843281894227e-09
0.14125366920540627, 1.0888874981963771e-09
0.14142667033823536, 1.0919575662100598e-09
0.14141859844852306, 1.087813572667691e-09
0.1414368477030668, 1.0635718983969608e-09
0.14160518641570824, 1.0865497104749895e-09
0.14135048664685623, 1.097607962940657e-09
0.1414112449580167, 1.0930220976926548e-09
0.14200294200859648, 1.1111979829440726e-09
0.14087487023188228, 1.0760445402005258e-09
0.14207408068891358, 1.0996793566871209e-09
0.14198607635756802, 1.0976333539772952e-09
0.14186193586487766, 1.1041804041972742e-09
0.14166544006920703, 1.108645216814193e-09
0.1421251167347846, 1.1022957855728854e-09
0.14199607410529577, 1.1117615361077603e-09
0.1422018616836128, 1.1146916561078612e-09
0.1418228471113906, 1.104041760888164e-09
0.14201136336817172, 1.1039108253400606e-09
0.14213898308666392, 1.1009211342839157e-09
0.14094865209948818, 1.0695831580869004e-09
0.1420939786971967, 1.108752732572151e-09
0.14210806227926812, 1.1049383554777765e-09
0.14220773917951227, 1.1229940472471974e-09
0.14232096463584173, 1.1165024543581921e-09
0.14225251656572313, 1.114117250722632e-09
0.14224744696297098, 1.1086838443286805e-09
0.14226551155578412, 1.107467088258414e-09
0.1424496845810887, 1.109395702644521e-09
0.14245198509482337, 1.1130117184168107e-09
0.14241377598087746, 1.11376211061099e-09
0.14110810528893677, 1.084100233681014e-09
0.14253409843456358, 1.1258414112321198e-09
0.1411010033839453, 1.0818885533909647e-09
0.14121414095011595, 1.0798375748723935e-09
0.14117313494759945, 1.0741039655878403e-09
0.14098098322009778, 1.0893251155651822e-09
