data/trash_datasets\dry_pvc_400_bricks_middle\fps10_exp_1000, r: 0.19950546198431243, std_dev: 5.824294508468084e-05, fps: 1.1034405191538128
data/trash_datasets\dry_pvc_400_bricks_middle\fps45_exp_100, r: 0.20494807377387655, std_dev: 0.0015750452715611281, fps: 2.0815124934352
data/trash_datasets\dry_pvc_400_bricks_middle\fps45_exp_50, r: 0.19733134072643654, std_dev: 0.0026848711251212334, fps: 5.347187179266921
data/trash_datasets\dry_pvc_400_bricks_middle\fps45_exp_500, r: 0.19954589569791598, std_dev: 0.0007137996958212291, fps: 1.1050282698119684
data/trash_datasets\dry_pvc_400_bricks_middle\fps10_exp_1000, r: 0.19950546198431243, std_dev: 5.824294508468084e-05, fps: 1.1034405191538128
0.19954197861951267, 2.184048323066365e-09
0.1996390367520405, 1.684950200321928e-09
0.19955373290273057, 1.6722013348781788e-09
0.19946026281756857, 1.6628117617205367e-09
0.19954653174966186, 1.647584532713846e-09
0.19945374699526106, 1.6728040750071887e-09
0.1994705436509041, 1.6731119885839108e-09
0.1995457603226482, 1.6650240805335924e-09
0.1995985183021405, 1.6752455339613102e-09
0.1994634382062993, 1.6801748687088565e-09
0.19945344917119143, 1.6812173074734537e-09
0.1994235883994874, 1.6667270684307814e-09
0.19945322757734898, 1.678104396452245e-09
0.19941525138596328, 1.6826403965539033e-09
0.19944912215296956, 1.685145636300674e-09
0.19951485842363, 1.6918701716303215e-09
0.19943324072134822, 1.672087853371372e-09
0.19959374365182908, 1.6777982732164104e-09
0.1994891381084218, 1.6778321157300334e-09
0.1995487837464129, 1.6725112737210398e-09
0.19958563526307865, 1.6582076859721793e-09
0.19941881991927626, 1.668916261573919e-09
0.19949757068122498, 1.6795188743998766e-09
0.19953443677132143, 1.6752725225100068e-09
0.19952018066782423, 1.6667432747378834e-09
0.1995069796183459, 1.672718981444248e-09
0.1995801232740943, 1.679503305715775e-09
0.1994554745518425, 1.670043509342033e-09
0.19944176965776306, 1.69733725228573e-09
0.19953356410607048, 1.65969546894423e-09
0.1994093896225646, 1.6806586887209433e-09
0.1995853613758301, 1.6766565414083325e-09
0.19949277970645443, 1.6699521685998774e-09
0.19941744159422264, 1.6799294949869923e-09
0.19950614862366084, 1.666213971937545e-09
0.19953278008555916, 1.6738423945100914e-09
0.19951690512060696, 1.6683092879993714e-09
0.19948031840741084, 1.6703566873560108e-09
0.19959529579624338, 1.6656303497082642e-09
0.19949433493121568, 1.6672273404891117e-09
0.19951899052735675, 1.6716630919557874e-09
0.19946211114042547, 1.6689543247077334e-09
0.19947495907355603, 1.671763327307763e-09
0.19957376810685795, 1.6732846759890986e-09
0.19942958162359212, 1.685807236181707e-09
0.19952876633983313, 1.6707253897757836e-09
0.19949560174573078, 1.687493065627674e-09
0.19948327494738216, 1.6744450591058457e-09
0.19955997143927695, 1.6961655538690707e-09
0.19959281083963085, 1.6664081783088443e-09
data/trash_datasets\dry_pvc_400_bricks_middle\fps45_exp_100, r: 0.20494807377387655, std_dev: 0.0015750452715611281, fps: 2.0815124934352
0.19462035331926797, 1.9521693690931713e-08
0.2043711385360288, 3.4481594355190818e-09
0.2049232133908418, 3.2194457261776376e-09
0.20529550865303758, 3.1974963111044454e-09
0.20614346134958125, 3.2088779250142667e-09
0.20526702147659598, 3.1128330306775916e-09
0.20434055662401215, 3.227232219703099e-09
0.2053922949330026, 3.289232805264432e-09
0.20490357029644324, 3.275726765245022e-09
0.20591705245385195, 3.3369710250184356e-09
0.20514650772986232, 3.027445287311761e-09
0.20557393848102162, 3.19300180569299e-09
0.205979067186836, 3.1700271821095772e-09
0.20544097662997465, 3.1882222944945926e-09
0.20465780623229288, 3.0997072590356766e-09
0.2049829555926535, 3.238891497597958e-09
0.20431477050272207, 2.9570362280083347e-09
0.20489467273649656, 3.2187953772683388e-09
0.20433615358212398, 3.0195878642924374e-09
0.20519627456586623, 3.197650078687479e-09
0.2045682069398326, 3.174357023147244e-09
0.20558669018025302, 3.2096224362282103e-09
0.2053940508121333, 3.0864339167741533e-09
0.20519732644036415, 3.1727668186077834e-09
0.20548427961707338, 3.2299272663531256e-09
0.2050252492617441, 3.1466106032752286e-09
0.20504204469744605, 3.104653742974233e-09
0.20604091686609294, 3.2147029069820133e-09
0.20531649954322811, 3.178329949188174e-09
0.20497425402197203, 3.1934053848307564e-09
0.20513783839049876, 3.2423317334157894e-09
0.20534859940690847, 3.163900762322858e-09
0.20450607878334917, 3.0812800443273066e-09
0.2067547577332933, 3.28393950648309e-09
0.20526360670112162, 3.2519153648059947e-09
0.20578522817383468, 3.1535093234949862e-09
0.2053373570186913, 3.2681013554853894e-09
0.20463587546775744, 3.1163771751975525e-09
0.20493921378418695, 3.2852561028478297e-09
0.20531078178175186, 2.921276253306958e-09
0.20489928646489255, 3.1727870716309182e-09
0.2053647293176108, 3.4063839403188903e-09
0.20415043640707237, 3.076714793905771e-09
0.20474673461303722, 3.3937358589775436e-09
0.205249935146117, 3.203589408395858e-09
0.2054765784366681, 3.0993033839734282e-09
0.20493426228738648, 3.2555036488347475e-09
0.20512159947248074, 3.1152417035405673e-09
0.20475625905472164, 3.116761190700709e-09
0.20535771759979451, 3.0869928190525635e-09
data/trash_datasets\dry_pvc_400_bricks_middle\fps45_exp_50, r: 0.19733134072643654, std_dev: 0.0026848711251212334, fps: 5.347187179266921
0.19376244324919506, 2.3718674012876013e-08
0.19815890251498294, 2.2476781191711776e-08
0.19525942822972478, 2.3635168091630168e-08
0.1969097262532679, 2.0245318354803277e-08
0.19761859633629128, 1.9571572759199324e-08
0.1952426974062986, 1.886563422787107e-08
0.20192918161515364, 2.3717779696547635e-08
0.1969442459852935, 1.8475703805893133e-08
0.19564226439263913, 2.297547152963099e-08
0.19839002186168014, 2.085436172019697e-08
0.19498245848046755, 1.9663836321426654e-08
0.19806217174645588, 2.1338536198939536e-08
0.19874510645923552, 2.4163588236650657e-08
0.1963508464879419, 2.3369269093531895e-08
0.195354231440023, 1.8077894533145897e-08
0.1976094229684558, 1.9796839136281513e-08
0.19308223587817502, 1.9868335053927323e-08
0.19553133315316862, 2.1816107468312896e-08
0.1991103017814319, 3.164722451889901e-08
0.19858809592399648, 2.0492498279116824e-08
0.20100455822177965, 2.3515839507000556e-08
0.2014584687113708, 1.9458834245699157e-08
0.19324717369053757, 2.1819081778577853e-08
0.1996505798915284, 1.9599036379004827e-08
0.19832695344180792, 2.2595612025821314e-08
0.1986738067980868, 2.1660781660674103e-08
0.19835867189107695, 2.007033582827159e-08
0.19481429105601936, 1.5909016777512902e-08
0.20325517207028782, 2.3921911350806747e-08
0.19618771646470176, 1.7640263048240818e-08
0.1993164777762043, 2.6805719642492707e-08
0.19063978953808183, 1.9010467332917846e-08
0.199986259365211, 2.8280896904293486e-08
0.20001436202013936, 1.9682119361246402e-08
0.1957847779980674, 2.2602282506844534e-08
0.198222323081082, 2.381168130967118e-08
0.19734028999233474, 2.134075720450037e-08
0.19648651351704313, 2.3375143427474776e-08
0.19285043574107064, 1.8099505577871765e-08
0.19321925047831245, 1.9782360819776963e-08
0.20069838796933867, 2.324219634423955e-08
0.20087891174583414, 2.3485161779465093e-08
0.19948414985284482, 2.5524325788102968e-08
0.19851722104239708, 2.1512994925319352e-08
0.20011988050218232, 2.3335909944367345e-08
0.19752923812701192, 2.123323466797961e-08
0.19922269696920053, 2.6318948377854756e-08
0.1941495905857757, 1.7830184147770976e-08
0.1944154483823447, 2.0211916451510945e-08
0.19543992723627152, 2.133100942995023e-08
data/trash_datasets\dry_pvc_400_bricks_middle\fps45_exp_500, r: 0.19954589569791598, std_dev: 0.0007137996958212291, fps: 1.1050282698119684
0.20433664563658416, 3.198192876291154e-09
0.1994514705842548, 2.1997780474503955e-09
0.19951413727618977, 2.240746178634396e-09
0.19949086804590327, 2.208604490264416e-09
0.19909364514136407, 2.2008340998402294e-09
0.1993708535529943, 2.2144025804868144e-09
0.19924279134201103, 2.1705255110531966e-09
0.1991566264253048, 2.240560100329739e-09
0.19963260416606343, 2.1833519832693797e-09
0.199665737455007, 2.1631593789941793e-09
0.19964461338726697, 2.1359872504414503e-09
0.19941080542826986, 2.209095745932248e-09
0.19941985421170313, 2.2252692629358817e-09
0.1995838368726611, 2.1768393945294306e-09
0.19924395936563952, 2.235151171718862e-09
0.19937079657362014, 2.2256419304573828e-09
0.19937815185565988, 2.2424524033117063e-09
0.19936953406969463, 2.1812619199414044e-09
0.19944741693230822, 2.2343864263738257e-09
0.19939834506855855, 2.178689101618215e-09
0.19947484703211277, 2.2213687024869236e-09
0.19944779771046167, 2.1596151446249338e-09
0.19923430473439546, 2.2079226064400353e-09
0.19965259860839998, 2.2211594688007466e-09
0.19972535985068385, 2.1680308640045994e-09
0.19922446938875985, 2.160714911107112e-09
0.19938034921178366, 2.181124215791298e-09
0.19940486116268272, 2.173381993168209e-09
0.19916183009910743, 2.22043051295588e-09
0.1994485984478837, 2.2097614721333527e-09
0.199460866056236, 2.1888372806030688e-09
0.19928810411691147, 2.2554722571800677e-09
0.19965338868997287, 2.1507909647629088e-09
0.19962558820616497, 2.2159656396751734e-09
0.19912439984052235, 2.253867119198285e-09
0.19941002281152118, 2.203999055257842e-09
0.199305844913554, 2.1939046372434086e-09
0.19950982222103408, 2.1961632900604627e-09
0.1993167625120817, 2.2257791915447334e-09
0.19967419609068268, 2.1732921735993127e-09
0.19966035152048767, 2.2756560303786244e-09
0.19913389824750544, 2.2044230474030498e-09
0.19948152679398837, 2.194858655413182e-09
0.199720078141082, 2.1969129949698975e-09
0.19978384738690363, 2.2041987241456592e-09
0.19948573147915732, 2.1531185137233996e-09
0.19970943675704939, 2.167771022071516e-09
0.19936890368414906, 2.208084443329832e-09
0.19949506205628328, 2.1867228741901597e-09
0.1997092437331837, 2.2504591208951744e-09
