data/trash_datasets\dry_pvc_500_sonar\fps10_exp_1000, r: 0.2635687922435536, std_dev: 0.0005163225712033014, fps: 1.3268453589671148
data/trash_datasets\dry_pvc_500_sonar\fps45_exp_100, r: 0.26557018888209216, std_dev: 0.0006375518682049554, fps: 1.5371373653142526
data/trash_datasets\dry_pvc_500_sonar\fps45_exp_50, r: 0.24813379559542478, std_dev: 0.0021256967880136, fps: 2.4872863454911744
data/trash_datasets\dry_pvc_500_sonar\fps45_exp_500, r: 0.2483338797676202, std_dev: 0.0019549862971629185, fps: 1.2623214059789405
data/trash_datasets\dry_pvc_500_sonar\fps10_exp_1000, r: 0.2635687922435536, std_dev: 0.0005163225712033014, fps: 1.3268453589671148
0.2642422740549595, 3.194734594924262e-10
0.26285267094585296, 3.5765886777322753e-10
0.26297267448488165, 3.1147999128606335e-10
0.26297564070862417, 2.9556416808939707e-10
0.26285462121094305, 3.1617438971175973e-10
0.2627197549986161, 4.160844969242045e-10
0.26270869024984356, 4.21483092644061e-10
0.2641917584219255, 3.306303232055478e-10
0.2627077239103986, 4.378475875315467e-10
0.2643081309089199, 3.2452135725310606e-10
0.2642917467380035, 3.3093166087951386e-10
0.26433197839486966, 3.171849664652538e-10
0.2642575970482701, 3.2400316545605735e-10
0.2630229272960213, 4.108539196638883e-10
0.2632990710534573, 2.7869454614920836e-10
0.2638897233899918, 2.428214161686826e-10
0.2638014625441478, 2.435757828121411e-10
0.2639614081844999, 2.474298051586574e-10
0.2639342425332529, 2.3452817973146344e-10
0.2638608618338758, 2.2676897245522356e-10
0.26400590844978516, 2.368073661286244e-10
0.2628338946544334, 3.313315138235637e-10
0.26424796145527163, 2.980129038940483e-10
0.26300988988815005, 2.8877861827016714e-10
0.26292281124418804, 3.03031455613439e-10
0.2637579146462028, 2.1152588462228792e-10
0.26369199881676, 2.1360966779217768e-10
0.2637928617384454, 1.9977707763498987e-10
0.2637351715924073, 2.0745496506891186e-10
0.26367325002952036, 1.9687607753003423e-10
0.2637166407045741, 2.192348432983703e-10
0.26370771082007516, 2.1459732963937444e-10
0.2638123835890291, 2.2141973232436127e-10
0.26423118106778143, 4.454683769613224e-10
0.2636747320183756, 2.774270371034804e-10
0.2637636345607825, 2.8171564820454947e-10
0.26371357902165343, 2.1308007516101425e-10
0.2637040976097379, 3.387325810595697e-10
0.2636954098046222, 2.2428477767026834e-10
0.2636503784788739, 2.4259433408521916e-10
0.26376440119701755, 2.283821189099745e-10
0.26368678584416766, 3.151215878746577e-10
0.26355455878375006, 2.2285901595471312e-10
0.2636050101883901, 2.3260636232965062e-10
0.2642797355548376, 3.0049068424024315e-10
0.26356878601237216, 2.311370505976919e-10
0.2628382211884504, 3.014954122077783e-10
0.26287094668321315, 3.082297792614545e-10
0.26287284434048164, 2.947509317158622e-10
0.2628719532829778, 3.0800836192401367e-10
data/trash_datasets\dry_pvc_500_sonar\fps45_exp_100, r: 0.26557018888209216, std_dev: 0.0006375518682049554, fps: 1.5371373653142526
0.2652078037469976, 1.14765901964109e-09
0.2653841308077589, 1.0684128801419587e-09
0.26514342911027466, 1.2205368807854479e-09
0.2649869591616384, 1.2264111804313873e-09
0.2662870816052679, 1.3906044110687928e-09
0.2653331061500681, 1.3139279507705245e-09
0.26447102902879727, 1.3047877978061982e-09
0.2653479117644214, 1.240842377728428e-09
0.26576371152171435, 1.0272019818277718e-09
0.26438300979385626, 1.3356522317503665e-09
0.26498101682734765, 1.270911733028078e-09
0.26500797684390454, 1.3307127676694436e-09
0.2651658012073923, 1.1866974818070761e-09
0.2653397742011168, 1.0685079779616532e-09
0.2661632724045119, 1.036553016316787e-09
0.2657095184759799, 1.1786442557219186e-09
0.2656948966084062, 1.1456414672354926e-09
0.2656923662869201, 1.2308095880145854e-09
0.2666812208703097, 1.3571934123822579e-09
0.2663598065456065, 1.379239761614035e-09
0.26615259178348094, 1.3119834430942813e-09
0.26597431431693924, 1.2915453473128352e-09
0.26460301956402293, 1.2379547933979728e-09
0.26656967921374053, 1.3436793110737488e-09
0.2656164459080391, 1.2860173409111252e-09
0.2655770207230992, 1.2358960819882727e-09
0.2661643343369813, 1.1683493192856351e-09
0.2654795506588743, 1.2504204846218578e-09
0.2655584053993731, 1.2216599303309293e-09
0.26537584417963844, 1.2950928689951529e-09
0.26606543124679694, 1.1576565350358865e-09
0.2660408966930903, 1.1135101751667241e-09
0.2659502568938224, 1.1858604735582666e-09
0.2650779064790693, 1.2149736995056414e-09
0.26563126501395756, 1.2413969966172448e-09
0.2664646275991252, 1.165483886346465e-09
0.265605173738593, 1.353350756249392e-09
0.2665381933344163, 1.207081434762267e-09
0.266122771670301, 1.2123635757247765e-09
0.26597549467185566, 1.4732258992613451e-09
0.26554519055306863, 1.3187479167225723e-09
0.26477064641672965, 1.381714147795507e-09
0.2662473005238807, 1.1928404906285852e-09
0.2660110291656257, 1.2580619595088894e-09
0.26516394935789406, 1.1874374820079478e-09
0.26647486236428714, 1.3164883462051538e-09
0.2642281133234947, 1.2819521816528974e-09
0.26479903520055553, 1.2681450476507565e-09
0.26554842633378495, 1.2242056920697617e-09
0.26407384447777743, 1.1382534926648801e-09
data/trash_datasets\dry_pvc_500_sonar\fps45_exp_50, r: 0.24813379559542478, std_dev: 0.0021256967880136, fps: 2.4872863454911744
0.24920524894426083, 2.455416407355414e-09
0.25191243818128006, 2.859241396610502e-09
0.24953583743575602, 2.9703894445630365e-09
0.24818772374511688, 2.9074433078600123e-09
0.24738142343998135, 2.8020456195350155e-09
0.24837229996759538, 3.06605756706553e-09
0.2489693192114691, 3.0045735404856623e-09
0.24558385901643975, 4.093677348856785e-09
0.24784525367214583, 3.7173959011409384e-09
0.2505055709008456, 3.172539273597369e-09
0.2483799912016014, 4.079607184198285e-09
0.24763863465820232, 2.4889097627323976e-09
0.2452086660295474, 4.0771142533770905e-09
0.24803849289343885, 3.8188240930475365e-09
0.24556869916086746, 4.512918876110491e-09
0.24638238039141303, 4.052678994775208e-09
0.2457109049005685, 3.663117895210628e-09
0.2471059687545107, 3.8663760682963265e-09
0.24841715520398802, 4.359276859130162e-09
0.24430176834889428, 4.329486948558773e-09
0.24724957313238202, 4.740698462941473e-09
0.2520845167085427, 3.1562026231109142e-09
0.24936075269555963, 2.438421205646609e-09
0.2492887755313293, 4.5361691419432875e-09
0.2451689770607042, 4.6565003670933485e-09
0.24840239287423593, 4.990801542941922e-09
0.2391571575022152, 7.538788302278473e-09
0.24755408889200914, 3.1530024932506266e-09
0.24806586853067594, 3.89246656251043e-09
0.24929160105173337, 3.1527714147684422e-09
0.24852051625439642, 3.1138269361910816e-09
0.24685115120645248, 4.0578592020859754e-09
0.24800602672471198, 3.3141087687104063e-09
0.2515519082526124, 2.8058066977749628e-09
0.24680091987851518, 3.2086069091713985e-09
0.2491175240029956, 3.3228964400321505e-09
0.24943101947212412, 3.3178883161221582e-09
0.2505663447039699, 3.731584337626474e-09
0.24907588996299684, 3.547398401714701e-09
0.2499541135715131, 3.743615394258643e-09
0.2474279228347135, 4.5475051124513345e-09
0.24959149721243787, 3.440075468995588e-09
0.2496487277325742, 3.5807928322467607e-09
0.24832616354144788, 4.794495691006146e-09
0.2506061897508332, 2.5842793416843515e-09
0.2485580240153207, 4.52819851024474e-09
0.24832151290101775, 2.805349882420917e-09
0.24877190905089233, 2.5433571238654115e-09
0.24794939088863008, 2.7095664288856907e-09
0.24773768777577532, 2.74170705240598e-09
data/trash_datasets\dry_pvc_500_sonar\fps45_exp_500, r: 0.2483338797676202, std_dev: 0.0019549862971629185, fps: 1.2623214059789405
0.2512821496586662, 1.1871941344299232e-08
0.25069396919567144, 1.2074047796485743e-08
0.25031251328833304, 1.2160493343820586e-08
0.25008766655354897, 1.2155008484888814e-08
0.24935820580013338, 1.2169549650861568e-08
0.25109290181920907, 1.2248943042320723e-08
0.25145608577256684, 1.1948604130834171e-08
0.2518899173245576, 1.2122847802861049e-08
0.2493177399805174, 1.208576334899962e-08
0.2483544757529794, 1.210705431216569e-08
0.2483926162981965, 1.1945054341463262e-08
0.2501271383964021, 1.1929287926095042e-08
0.24872832243040296, 1.2029817606870943e-08
0.24959827296800655, 1.2231344973601804e-08
0.24980382709153148, 1.1818143189705489e-08
0.24830412769306662, 1.1986124928870378e-08
0.24814832376335136, 1.19239706124068e-08
0.2484526665149046, 1.1905572904962351e-08
0.2480868382265917, 1.2066441062878705e-08
0.24861335349081484, 1.1990925163588223e-08
0.24819577385314165, 1.1967449258772992e-08
0.24801268642475346, 1.2068276604551513e-08
0.250985421550977, 1.1892743825938662e-08
0.24771694465583388, 1.2029049561590503e-08
0.24746536499974806, 1.2193361454002972e-08
0.24710622409264926, 1.191910023763759e-08
0.24565762000501415, 1.2037348231026808e-08
0.24562095514791737, 1.205871284388037e-08
0.2451200482309427, 1.1991778151661546e-08
0.24547881118085185, 1.2252138805564693e-08
0.2473705998592448, 1.1956637113802165e-08
0.24523844838822695, 1.191466784108218e-08
0.24462644045071555, 1.2179386562450437e-08
0.2497238857087467, 1.1919154594203512e-08
0.2469474562665983, 1.2151447734390182e-08
0.24709350772433936, 1.2050843457683208e-08
0.24402898223960712, 1.2524371559762977e-08
0.24555532680913092, 1.2016144019480657e-08
0.24782128744843884, 1.2045858753963886e-08
0.2459688942380138, 1.2114686239237152e-08
0.2459951924791139, 1.211963566624854e-08
0.247688106553803, 1.2083986559051377e-08
0.24762111255317548, 1.2120685524430975e-08
0.24828450491786713, 1.2098984803571322e-08
0.2502307246021349, 1.1964521196795826e-08
0.24910440197406333, 1.212297580840097e-08
0.2501540598659695, 1.2194066981609465e-08
0.24954751778832177, 1.2082047202782568e-08
0.24967170014074708, 1.2047853559598233e-08
0.25056087621147194, 1.2290750251289192e-08
