data/trash_datasets\beton_200\fps10_exp_1000, r: 0.09873067613584174, std_dev: 0.00010043585329341711, fps: 0.704932131619959
data/trash_datasets\beton_200\fps45_exp_100, r: 0.09795269703985059, std_dev: 0.0002160674458293249, fps: 0.7452165460266766
data/trash_datasets\beton_200\fps45_exp_50, r: 0.09880116222457984, std_dev: 0.00028554938726091123, fps: 0.9478822762206275
data/trash_datasets\beton_200\fps45_exp_500, r: 0.09804910446907306, std_dev: 5.42057749184458e-05, fps: 0.7186565122458521
data/trash_datasets\beton_200\fps10_exp_1000, r: 0.09873067613584174, std_dev: 0.00010043585329341711, fps: 0.704932131619959
0.09808013220609858, 9.301219442072136e-11
0.09883976714632164, 9.643303541996527e-11
0.09873474153596809, 9.587247546982292e-11
0.09874493030873034, 9.586260690739869e-11
0.09872822561365699, 9.583446495592084e-11
0.09871920315488987, 9.58465166462311e-11
0.09875597017912076, 9.585729894660808e-11
0.09874356099057145, 9.593194656668538e-11
0.09877089893738344, 9.609574897239673e-11
0.09876625609685469, 9.600088025768766e-11
0.09870866017534315, 9.58039819075182e-11
0.09871032619155355, 9.567287067424118e-11
0.09870750270534884, 9.573669411006168e-11
0.09870908636639814, 9.562665305039131e-11
0.09872434189825915, 9.581127379935022e-11
0.0987659761765009, 9.588773170128488e-11
0.09872927426046593, 9.575263417441012e-11
0.09878256548229906, 9.616691136967385e-11
0.09875963625245411, 9.592748482788721e-11
0.09873139767986654, 9.566775070003575e-11
0.09873513453741974, 9.586196526630369e-11
0.0988020977774416, 9.615496514470647e-11
0.09874384144753234, 9.587116522981449e-11
0.09873833354367836, 9.583818289433274e-11
0.09879962156135057, 9.604361618451889e-11
0.0987390454292808, 9.589142343318829e-11
0.09879152354188468, 9.606659952946482e-11
0.09876861554204362, 9.580999180586137e-11
0.09870511796572728, 9.560036653091162e-11
0.09868583046498136, 9.570868198727119e-11
0.09869914912458543, 9.554509823297888e-11
0.0987144156685665, 9.580931459655982e-11
0.09872118140184946, 9.580613074849173e-11
0.0987446223772619, 9.591562952966287e-11
0.09871549299710268, 9.574262036485758e-11
0.09873353701502438, 9.589528888555879e-11
0.09874130564782158, 9.588383421877394e-11
0.09869198856531892, 9.573430464783673e-11
0.09871603061693769, 9.572732314945234e-11
0.0986814999199452, 9.553388975634803e-11
0.09874879496764759, 9.595936177411272e-11
0.09872391330592249, 9.584672260661628e-11
0.09871898032812554, 9.58310478982182e-11
0.09875386971635815, 9.599098940910204e-11
0.09876388208217084, 9.597186460018653e-11
0.09873481569233304, 9.584713433960598e-11
0.09879071239226117, 9.605897895447113e-11
0.09877336518280146, 9.610754506311718e-11
0.09882395736411853, 9.640910498205773e-11
0.09882067725650967, 9.630018942963533e-11
data/trash_datasets\beton_200\fps45_exp_100, r: 0.09795269703985059, std_dev: 0.0002160674458293249, fps: 0.7452165460266766
0.09889907709261979, 1.0953905966914469e-10
0.09789153441240922, 1.0278048965513724e-10
0.09786564816530871, 1.0387336153432203e-10
0.09803193275280894, 1.0579725149639613e-10
0.09774915775920684, 1.0591134995507864e-10
0.09809657542898989, 1.0391974806383623e-10
0.09794604155721422, 1.0641704096550733e-10
0.09787791177582011, 1.0283165404502117e-10
0.09772996770103996, 1.0323713714917916e-10
0.09795717001256066, 1.0290553747325651e-10
0.09815809273742493, 1.0544551022833274e-10
0.09790546289483164, 1.0346676587794317e-10
0.09817793818661542, 1.039406893281745e-10
0.09765710740504217, 1.0145678959907791e-10
0.0979168182489558, 1.032731205112336e-10
0.09820148271223182, 1.057923225776762e-10
0.0978874114945022, 1.0386717353250511e-10
0.09795311776730238, 1.0419296275136799e-10
0.09776999035574774, 1.0341952820108894e-10
0.09782877775840568, 1.0482880761615062e-10
0.0976785785970068, 1.0476752597161404e-10
0.09781216944293668, 1.0430021274261558e-10
0.09778095238696764, 1.0260929277028001e-10
0.09790420871654189, 1.0363427657464882e-10
0.09783776366478392, 1.0496287480996244e-10
0.09785978748691872, 1.0316367336926578e-10
0.09806531461226117, 1.0672942212316682e-10
0.09779950531455872, 1.0387782965514263e-10
0.09788322921992203, 1.0427649055917509e-10
0.09818739614290635, 1.0694926100930337e-10
0.09820393440771673, 1.065323335818677e-10
0.09820039321457767, 1.056070547703896e-10
0.09812801847416969, 1.0608234315336356e-10
0.09767804333478723, 1.0604026501338606e-10
0.09778556305491092, 1.0281738454285991e-10
0.09795157729832316, 1.0527284764885518e-10
0.09809100645306239, 1.0672161675398358e-10
0.0981012890872624, 1.0596077075341127e-10
0.09805060663690376, 1.0571951730943785e-10
0.09788222530793289, 1.0292006249638849e-10
0.0979624989688445, 1.0360462295317465e-10
0.09761902351893584, 1.0439530346777571e-10
0.09825833498893875, 1.0537901983519409e-10
0.09814185509113352, 1.0635641118065477e-10
0.09799374200389079, 1.0583598095003868e-10
0.09807257886025512, 1.0644740027241737e-10
0.09797994880281513, 1.03423834612455e-10
0.09768262838929598, 1.0519293169711107e-10
0.0977341993838549, 1.0397016087000526e-10
0.09780726291107437, 1.0628172162596491e-10
data/trash_datasets\beton_200\fps45_exp_50, r: 0.09880116222457984, std_dev: 0.00028554938726091123, fps: 0.9478822762206275
0.09889892371696257, 1.0497393818277765e-10
0.0986722305071221, 1.0650004414278277e-10
0.09879186795926646, 1.040836857404193e-10
0.09856025437028659, 1.0400236016734214e-10
0.098708095020177, 1.0469076722519217e-10
0.09873840292497173, 1.04836879000484e-10
0.0987361036508302, 1.0771891513111373e-10
0.09878428420115248, 1.0734731885546812e-10
0.09873931989730078, 1.0470457852884003e-10
0.09867207715103181, 1.0205060694477297e-10
0.09854726194869799, 1.0723522858515361e-10
0.09950804792534597, 1.05836905147751e-10
0.09930121964592735, 1.0945879101845231e-10
0.09901330337644229, 1.067680813571572e-10
0.09855682251782603, 1.036314199939663e-10
0.09895975086218999, 1.0575716674377393e-10
0.0987656601366787, 1.060049700891319e-10
0.09902551768999614, 1.091843460174094e-10
0.09910953891994834, 1.0585574247262665e-10
0.09879413090363139, 1.0139257110934882e-10
0.09864864940068904, 1.0841481654269653e-10
0.09854423376600534, 1.1066372282416748e-10
0.0992912994836905, 1.0860844168097801e-10
0.09871150466353891, 1.0733315713692029e-10
0.09857153900352296, 1.0799311303732301e-10
0.0984231540827048, 1.047836011722412e-10
0.09870591127090908, 1.0573565012706227e-10
0.09848745557726002, 1.0504650679965043e-10
0.09910363442773003, 1.1293890291149075e-10
0.09899165048178912, 1.0498821631574471e-10
0.09898597809829696, 1.0593914119796022e-10
0.09873305179363023, 1.0414270181895163e-10
0.0982313402804163, 1.0341916866004783e-10
0.09852618312128429, 1.0669994321888984e-10
0.09898217921028611, 1.0737032303899035e-10
0.09866882605463681, 1.0458801109306875e-10
0.09903698686775136, 1.0771446571734988e-10
0.09867015807803044, 1.0285920982759032e-10
0.099165103339429, 1.0770713176907269e-10
0.09838766594121003, 1.032147328465174e-10
0.09902382068758721, 1.0995719150571328e-10
0.0986743756525074, 1.0839699087473465e-10
0.09844572914711121, 9.881846905446066e-11
0.0985343242556259, 1.0435537776668613e-10
0.09934796070472396, 1.0609013887700992e-10
0.09890148325298556, 1.0613708917553438e-10
0.09896613409984381, 1.0747704229084239e-10
0.09856310373165404, 1.0867283206104712e-10
0.098445623677272, 9.885830622715835e-11
0.099406237751084, 1.0741669495596929e-10
data/trash_datasets\beton_200\fps45_exp_500, r: 0.09804910446907306, std_dev: 5.42057749184458e-05, fps: 0.7186565122458521
0.09818759030696358, 1.0515139624361341e-10
0.09803780453458064, 9.308619464592135e-11
0.09811011571284173, 9.333823346217682e-11
0.09804989717732568, 9.326958531993505e-11
0.09806371982312982, 9.320550211628035e-11
0.09807919097597187, 9.326757515496977e-11
0.09808805202992812, 9.330084454555668e-11
0.09811967965512527, 9.365976729084606e-11
0.09799499727436833, 9.293064617236364e-11
0.09805574049291955, 9.300715158104841e-11
0.09805160102393633, 9.292953163390365e-11
0.09798638087784232, 9.293880734536784e-11
0.09806848909761205, 9.322140308865177e-11
0.0979610949244767, 9.263915515820532e-11
0.09806175816592141, 9.32424944556657e-11
0.09799546528745674, 9.302074260330354e-11
0.09812243515053667, 9.347381512404681e-11
0.09808140956859254, 9.302642452161149e-11
0.09804734858726187, 9.313021477318919e-11
0.09816705993193531, 9.360571676624164e-11
0.09810659456913669, 9.322578267074527e-11
0.09815671438586632, 9.363303185242238e-11
0.09800913618181085, 9.290002692659975e-11
0.09806237988869022, 9.301872658372315e-11
0.09799387318948126, 9.286366082760816e-11
0.0980660906293712, 9.308090845417617e-11
0.09804270540797062, 9.303955940901445e-11
0.09810111733758571, 9.315262806490624e-11
0.09812234408703431, 9.340355478650093e-11
0.09802893485834886, 9.30771792445563e-11
0.09803435535730548, 9.280609522277479e-11
0.098061505037909, 9.287731040440553e-11
0.09807104336516508, 9.327541772210851e-11
0.09796293355708484, 9.281240608315009e-11
0.09801743171608678, 9.287161626839144e-11
0.09807498631721831, 9.329777627189822e-11
0.09802917905190957, 9.285712500570243e-11
0.09802523051051333, 9.290503321649151e-11
0.09799253816251999, 9.272409587625095e-11
0.09796986608432655, 9.270076772519415e-11
0.09796828019461441, 9.249604881525864e-11
0.09803232828654755, 9.301550365330961e-11
0.09794291175178478, 9.2643519619403e-11
0.09800351362066329, 9.290248813967801e-11
0.09801768974205953, 9.299197419721547e-11
0.09806388792448377, 9.302470917519161e-11
0.09805185697594986, 9.299529341961225e-11
0.09800370214507999, 9.300536152055629e-11
0.09802100959808244, 9.301654263087012e-11
0.09809125292032521, 9.311062994937088e-11
