data/trash_datasets\bag_on_side_far_1\fps10_exp_1000, r: 0.10522357674938804, std_dev: 4.218815174602236e-05, fps: 0.7267350648410866
data/trash_datasets\bag_on_side_far_1\fps45_exp_100, r: 0.10845698730428723, std_dev: 0.00021327264962231663, fps: 0.8405864297946885
data/trash_datasets\bag_on_side_far_1\fps45_exp_50, r: 0.10863956704682133, std_dev: 0.000817666387845923, fps: 1.070678629230014
data/trash_datasets\bag_on_side_far_1\fps45_exp_500, r: 0.10524336184913824, std_dev: 0.00048166371927516657, fps: 0.7455547882384497
data/trash_datasets\bag_on_side_far_1\fps10_exp_1000, r: 0.10522357674938804, std_dev: 4.218815174602236e-05, fps: 0.7267350648410866
0.10506744619973868, 1.2595390271970944e-10
0.10528542840117379, 1.2669073255233637e-10
0.10525646658051095, 1.2866445623358744e-10
0.10529990765523176, 1.2755894990098307e-10
0.1052735891662495, 1.2740392564743166e-10
0.10527384907773742, 1.2625808129055508e-10
0.10519443397886172, 1.2832658318956807e-10
0.10515177520464476, 1.2932898337879728e-10
0.10523735632528237, 1.2664922248757068e-10
0.10522509909254073, 1.2799182056061644e-10
0.10524737561762625, 1.2653288859596547e-10
0.10517688516518633, 1.2607204414291704e-10
0.10522763279436935, 1.2897958718479153e-10
0.1052301295968762, 1.2721757365966086e-10
0.10521036246378469, 1.275733229321343e-10
0.10519845382727883, 1.2780441033333819e-10
0.10519894259615413, 1.2729859407757653e-10
0.10520046286743268, 1.2933526793459454e-10
0.10525096962045107, 1.2801779312571483e-10
0.10524346171002666, 1.2764260464859171e-10
0.10523905161043998, 1.2835799415580136e-10
0.10527563869202088, 1.2770043086456136e-10
0.10521944095396683, 1.2823454828352667e-10
0.10522380438336457, 1.2735422005459913e-10
0.10519798761628521, 1.2662954801381565e-10
0.10522471206918707, 1.2734681065519233e-10
0.1052006391974487, 1.2815592152261565e-10
0.10528002433981579, 1.274612998456747e-10
0.10524748285294458, 1.2711445226193007e-10
0.1052389791002415, 1.2797929774261627e-10
0.1052824584530647, 1.2698341625636495e-10
0.10518093583744288, 1.272425123311873e-10
0.10521285565752357, 1.281169499642881e-10
0.10520718036057271, 1.274226372318572e-10
0.10517774503904115, 1.275107458676418e-10
0.10521838364848916, 1.2844450674150807e-10
0.10517238916980197, 1.2832587533564302e-10
0.10528128728537035, 1.2732840314763473e-10
0.10523973542810278, 1.2647211790182814e-10
0.10526128630214783, 1.2759719964752104e-10
0.1051736011342005, 1.2592738197802396e-10
0.10520021260364315, 1.2687640868294557e-10
0.10518570813864891, 1.2662859119331345e-10
0.10522884446151355, 1.280669385457382e-10
0.10528030052442151, 1.2647408145701522e-10
0.10521155409795299, 1.2674844090521306e-10
0.10518634852143853, 1.2778757441965847e-10
0.10522456085408396, 1.2664359279702297e-10
0.10519533138752866, 1.2765246452358369e-10
0.10526032980754065, 1.2740276415450417e-10
data/trash_datasets\bag_on_side_far_1\fps45_exp_100, r: 0.10845698730428723, std_dev: 0.00021327264962231663, fps: 0.8405864297946885
0.10810141831654853, 9.112504716040026e-11
0.10888637698879236, 3.983426851918887e-11
0.1087096148047235, 3.946315170440487e-11
0.10853628916978193, 4.0465872066687526e-11
0.10865421876098265, 4.1346555071504904e-11
0.1084670013888176, 3.956845212745434e-11
0.10864283127227153, 3.8022292263353026e-11
0.10856789430934978, 4.015113811429137e-11
0.10818907166304635, 3.912606206290641e-11
0.10829451615225562, 3.987495717634886e-11
0.1082352624343628, 4.037490275541953e-11
0.10814534203855213, 3.9833328806974834e-11
0.10819247597222326, 4.0125616434049356e-11
0.10836022129925729, 3.922341483319078e-11
0.10817660254734011, 4.0051813755691295e-11
0.10853770396617031, 3.9723876196584295e-11
0.10845919793771146, 4.0304336625156483e-11
0.10864702661855784, 3.868568633052382e-11
0.10849791239606192, 4.029603204450836e-11
0.10865095247952572, 4.0589138403347043e-11
0.10854228812556077, 3.8495588529511535e-11
0.10868225457117872, 3.984122987905688e-11
0.10842070882544963, 3.9187505018062526e-11
0.10824040454280498, 3.887851897652427e-11
0.1086698149597128, 3.992502508114527e-11
0.10880694489462375, 3.9547491169817854e-11
0.10805412041953448, 3.991086244487576e-11
0.10846790429754205, 3.981425377981505e-11
0.10855954929195746, 4.088686579765275e-11
0.10838874640144297, 3.986836235223385e-11
0.10849944516105585, 4.0015643304794504e-11
0.1082543579226325, 4.002388157199859e-11
0.1084287431827316, 4.091847667611919e-11
0.10839678313854739, 3.887454567398793e-11
0.10785449055775341, 3.882921394087304e-11
0.1083486499940198, 4.0303501709839554e-11
0.10853749528319617, 4.082066775733202e-11
0.10839687760467828, 3.9811802022077815e-11
0.10853820379001862, 3.835075052624398e-11
0.10845252383584732, 4.041350013934968e-11
0.10835054308154841, 3.807989383026041e-11
0.10828699026494294, 3.915658852105187e-11
0.10868773953547697, 4.071575881963168e-11
0.1086101838872524, 3.952231323415721e-11
0.10841360806822427, 4.025375165172091e-11
0.10843596020680209, 3.9678432845953436e-11
0.1083613322378648, 4.057958972552716e-11
0.10861213183769682, 3.878792830588459e-11
0.10881466917501031, 4.2297398455806143e-11
0.1087839696029206, 4.008998929000904e-11
data/trash_datasets\bag_on_side_far_1\fps45_exp_50, r: 0.10863956704682133, std_dev: 0.000817666387845923, fps: 1.070678629230014
0.10941768168013356, 8.81492811918466e-11
0.10749852685395563, 9.071104568326686e-11
0.10947607657931543, 9.12743031162887e-11
0.10899695433614935, 8.78170233118395e-11
0.10836470049814498, 9.467393204545765e-11
0.10972027724703186, 9.051379793053566e-11
0.10805969368666238, 8.822464880367112e-11
0.10794671891955755, 8.99932957392169e-11
0.10824306230566046, 8.751562456100249e-11
0.109733610701315, 9.206371439444276e-11
0.10959411450420929, 8.913148023119194e-11
0.10913318171697346, 9.23899975833204e-11
0.10936089116846719, 8.989873702583557e-11
0.10774286860336266, 9.025827346041712e-11
0.1077613481095392, 8.672014582696717e-11
0.10823368489968957, 9.195900694820876e-11
0.10920109973639269, 8.666208873229925e-11
0.10780203863375133, 8.963530805962472e-11
0.10770261942013866, 9.051907880361157e-11
0.10965233569561947, 8.812961332236482e-11
0.10933924582533643, 8.718435575110072e-11
0.11029945693556056, 9.354794916814456e-11
0.108586124902746, 9.367820695507543e-11
0.10841652937747712, 9.238841418001325e-11
0.10949922862882568, 8.985291409655593e-11
0.10802495932972084, 8.964057621991005e-11
0.1078837168073939, 9.723399963585636e-11
0.10793293693176605, 8.765332765295084e-11
0.1077562816274891, 9.469230104839137e-11
0.10814435432519046, 9.066581218064617e-11
0.10911714514876084, 9.477053658970308e-11
0.10998423908796046, 8.636568495480416e-11
0.10825832156508812, 8.957208803659016e-11
0.10783471327145237, 9.032250367411548e-11
0.10960180575539462, 9.025866242427719e-11
0.10770098382849079, 8.728598830645316e-11
0.10930027478481541, 8.747339957264825e-11
0.10750002326554114, 8.746446708387882e-11
0.1096249932957672, 9.537402023160625e-11
0.10860778741427905, 9.105427337259825e-11
0.10779839536432818, 8.996989314168796e-11
0.10755354471508483, 8.989757427743333e-11
0.10891085626574018, 8.747092759243214e-11
0.10975937476059888, 9.037764760499051e-11
0.10989097462345847, 9.435771343988018e-11
0.1081194894221818, 9.626673832060106e-11
0.10892631602594083, 8.404400231914068e-11
0.1079254614195828, 9.088357791198175e-11
0.10809234335902983, 9.200107513061373e-11
0.10794698897999555, 9.000999478787682e-11
data/trash_datasets\bag_on_side_far_1\fps45_exp_500, r: 0.10524336184913824, std_dev: 0.00048166371927516657, fps: 0.7455547882384497
0.10848480567671631, 4.1265714798010965e-11
0.1052286125915669, 1.186024073827084e-10
0.10509385585209725, 1.2022117091346386e-10
0.10526049879530358, 1.186527374296908e-10
0.10508667801742577, 1.199640911247296e-10
0.10528442907497748, 1.1794953064731548e-10
0.10506387264207732, 1.2005244379754897e-10
0.10526752837757793, 1.1740376010893959e-10
0.10514536581252669, 1.2059948484679393e-10
0.10530521838064648, 1.1832179041142118e-10
0.10527660058562267, 1.2168430715505774e-10
0.1047573748357061, 1.1842690012701872e-10
0.10508713038198088, 1.2129415602243962e-10
0.1053289772953512, 1.1861306529538813e-10
0.10505528663564091, 1.1992486227904952e-10
0.10506458324080942, 1.219018850303625e-10
0.10525392233378984, 1.1620961482773374e-10
0.10515464528128972, 1.1643559952876183e-10
0.10506436072201797, 1.206232442748536e-10
0.10506816662352786, 1.1897672775108205e-10
0.10526228657763032, 1.1748104832599762e-10
0.10514315918587966, 1.2082554304420968e-10
0.10518619139294381, 1.1747673123117123e-10
0.10533071151315793, 1.1872043483186888e-10
0.10527367181282522, 1.186253200219839e-10
0.10522910869369655, 1.1736594935715667e-10
0.1051104964579572, 1.2151257387171683e-10
0.10514419616979147, 1.1923076413390336e-10
0.10515921876410839, 1.196105114012127e-10
0.10523606373252517, 1.1643398236315373e-10
0.10513037499322925, 1.1983651708684352e-10
0.10523813843047107, 1.1703448676016539e-10
0.10504786005562837, 1.1952259272686657e-10
0.10519404715224819, 1.1803187124450325e-10
0.10527262720463082, 1.2007229275863842e-10
0.10514805575927996, 1.1903071658513338e-10
0.10524387823447097, 1.1847203578287439e-10
0.10534109862647227, 1.1955689498564348e-10
0.10518240768884278, 1.185326926648612e-10
0.10529516447293523, 1.190631118379739e-10
0.10535392798873841, 1.175832382832846e-10
0.10536911133031583, 1.1743937284480153e-10
0.10532827551107785, 1.1696327553290122e-10
0.10500008675029364, 1.1865475200017903e-10
0.10509286639077653, 1.1843200561877038e-10
0.10515517552489015, 1.17482482317823e-10
0.10514505432851991, 1.1919880888406608e-10
0.10510327185120424, 1.2116142953370338e-10
0.10507903953681418, 1.2021854039701201e-10
0.10504061316890226, 1.1996299921692124e-10
