data/beton200/exp_500, r: 0.10180000000000003, std_dev: 0.004375255094603871, fps: 1.059625327876458
data/beton200/exp_500
0.09999999999999999, 0.0005946735035501074
0.09999999999999999, 0.0006484684495647893
0.10999999999999999, 0.0007314976689814692
0.09999999999999999, 0.000573491248079384
0.09999999999999999, 0.0007022586037967221
0.09999999999999999, 0.0006996385610525269
0.09999999999999999, 0.0005932790716483722
0.09999999999999999, 0.0007424681008500173
0.09999999999999999, 0.0005715444954310977
0.09999999999999999, 0.0006848604279572225
0.09999999999999999, 0.0005829081507690789
0.09999999999999999, 0.0007608210099296933
0.09999999999999999, 0.0006864272033701428
0.09999999999999999, 0.0005917961395542985
0.09999999999999999, 0.0005995207862273516
0.10999999999999999, 0.0007118831168267764
0.09999999999999999, 0.0007465665374498747
0.10999999999999999, 0.000687757807566769
0.09999999999999999, 0.0006427045216318885
0.09999999999999999, 0.0005806009769060579
0.09999999999999999, 0.0005453055548102166
0.09999999999999999, 0.0005269753205818362
0.10999999999999999, 0.0006329578561179503
0.09999999999999999, 0.000719005916885659
0.09999999999999999, 0.0006252232798320083
0.09999999999999999, 0.0007609387747701458
0.09999999999999999, 0.0005518576231196434
0.09999999999999999, 0.0005474796846461508
0.10999999999999999, 0.0006820881307176566
0.09999999999999999, 0.000720491136780597
0.10999999999999999, 0.0006189075819138671
0.09999999999999999, 0.0005763879204320124
0.09999999999999999, 0.0006062975613696916
0.10999999999999999, 0.0007788824154312427
0.09999999999999999, 0.0007302254516622765
0.09999999999999999, 0.0005885117867605485
0.09999999999999999, 0.0005630850537782963
0.09, 0.000626863885141445
0.10999999999999999, 0.0007656516418777959
0.09999999999999999, 0.000544423827067022
0.09999999999999999, 0.0007633322091414111
0.10999999999999999, 0.0006379340247326873
0.09999999999999999, 0.0006409323322711183
0.09999999999999999, 0.0006241460310079153
0.09999999999999999, 0.000582677910779213
0.09999999999999999, 0.0007379716455348715
0.09999999999999999, 0.0005517897519730344
0.09999999999999999, 0.0007856388779457882
0.09999999999999999, 0.0006409262730273931
0.10999999999999999, 0.0006396672937391885
