data/dry_pvc_500/exp_100, r: 0.23999999999999994, std_dev: 0.0, fps: 1.3490201838031253
data/dry_pvc_500/exp_200, r: 0.13920000000000002, std_dev: 0.06349803146555015, fps: 0.9971850986704716
data/dry_pvc_500/exp_300, r: 0.10280000000000007, std_dev: 0.01979898987322333, fps: 0.9792065410327562
data/dry_pvc_500/exp_400, r: 0.10000000000000007, std_dev: 7.00934133340971e-17, fps: 0.8650639432473055
data/dry_pvc_500/exp_50, r: 0.213, std_dev: 0.047563062327389945, fps: 3.155211603741307
data/dry_pvc_500/exp_500, r: 0.10000000000000007, std_dev: 7.00934133340971e-17, fps: 0.9149570255502536
data/dry_pvc_500/exp_100
0.23999999999999994, 0.0020332686625032168
0.23999999999999994, 0.001985304356762576
0.23999999999999994, 0.0019554200937812764
0.23999999999999994, 0.0019566254902328123
0.23999999999999994, 0.0019049313482879023
0.23999999999999994, 0.0019341654478208122
0.23999999999999994, 0.0019125145857261765
0.23999999999999994, 0.0020961365713056293
0.23999999999999994, 0.0018633291597194457
0.23999999999999994, 0.0019585004867351224
0.23999999999999994, 0.0019701628054617547
0.23999999999999994, 0.0018465474664581872
0.23999999999999994, 0.0017211329371943846
0.23999999999999994, 0.0020182555058988363
0.23999999999999994, 0.00189386312425364
0.23999999999999994, 0.0019710707067823476
0.23999999999999994, 0.0018634189304113941
0.23999999999999994, 0.001963993244053928
0.23999999999999994, 0.0019431774871156461
0.23999999999999994, 0.0019340446825382937
0.23999999999999994, 0.0018058040346923831
0.23999999999999994, 0.0019489362018984414
0.23999999999999994, 0.0019207862723992673
0.23999999999999994, 0.0018965835462346594
0.23999999999999994, 0.001836837318583496
0.23999999999999994, 0.0018943428990696157
0.23999999999999994, 0.001925159994102958
0.23999999999999994, 0.001993351633633316
0.23999999999999994, 0.0020191016144369047
0.23999999999999994, 0.0018718574131672866
0.23999999999999994, 0.001983877500937401
0.23999999999999994, 0.0018731936122823763
0.23999999999999994, 0.0019205466786216317
0.23999999999999994, 0.002025243786952759
0.23999999999999994, 0.0018552229787343227
0.23999999999999994, 0.0018903544657942145
0.23999999999999994, 0.001961015591534135
0.23999999999999994, 0.0019977775689033112
0.23999999999999994, 0.001938943108110959
0.23999999999999994, 0.0018979053093023234
0.23999999999999994, 0.0019211802990578856
0.23999999999999994, 0.0019360826195525883
0.23999999999999994, 0.0019894745758137875
0.23999999999999994, 0.0018578232118469252
0.23999999999999994, 0.001993087758569922
0.23999999999999994, 0.0019681292207543435
0.23999999999999994, 0.001977745212093882
0.23999999999999994, 0.0018912993755199647
0.23999999999999994, 0.0019082906891305178
0.23999999999999994, 0.001972790473154613
data/dry_pvc_500/exp_200
0.1, 0.0017463685048717647
0.1, 0.0019771208178773845
0.1, 0.0019635890446818875
0.1, 0.0018506426015231794
0.1, 0.0018971343877348438
0.1, 0.002006715621851304
0.1, 0.001990450049373219
0.1, 0.001974417723696125
0.1, 0.0019150955383271326
0.1, 0.001850971917608283
0.1, 0.0019187007719573652
0.1, 0.0019389830329692383
0.23999999999999994, 0.0019237761930558648
0.23999999999999994, 0.0019643481772859575
0.1, 0.0020459309883201562
0.1, 0.002011420984028748
0.1, 0.0017739197989156718
0.23999999999999994, 0.0018817733091638332
0.1, 0.001888262991213054
0.23999999999999994, 0.001890123188000514
0.23999999999999994, 0.00209320500558404
0.1, 0.0018387095351742621
0.1, 0.0020212791776562486
0.23999999999999994, 0.001961084615726161
0.23999999999999994, 0.0018456390398178292
0.1, 0.0018972415032681626
0.1, 0.0018472607701589358
0.23999999999999994, 0.0020473885266340023
0.1, 0.001796147441331605
0.1, 0.001910837072195883
0.1, 0.002052302951795159
0.1, 0.0018451071794235642
0.1, 0.0018028363867643481
0.1, 0.001964490511576687
0.23999999999999994, 0.001897598555038698
0.23999999999999994, 0.0020606086754255165
0.1, 0.001947517887426179
0.1, 0.0018961093082596916
0.1, 0.001941128076689418
0.23999999999999994, 0.001885495110121056
0.1, 0.001965729383482926
0.1, 0.0019940209245416867
0.1, 0.0019173310173355464
0.1, 0.001975045767892979
0.23999999999999994, 0.0020376326823899576
0.1, 0.002025824920573484
0.23999999999999994, 0.002022368996558247
0.1, 0.0018010417214994528
0.1, 0.001880476147168848
0.23999999999999994, 0.0017686604249870861
data/dry_pvc_500/exp_300
0.1, 0.002005467141593975
0.1, 0.0020882769426447227
0.1, 0.0019712625152708955
0.1, 0.0020085468134552957
0.1, 0.0019745373292404714
0.1, 0.0020110989601928695
0.1, 0.002008472599670234
0.1, 0.0020284189437949967
0.1, 0.0020186857028778975
0.1, 0.0019511348381495571
0.1, 0.0019380755552947722
0.1, 0.00203196443692144
0.1, 0.0019816007684052978
0.1, 0.0020226398765993995
0.1, 0.0020732300264934317
0.1, 0.002009897733921768
0.1, 0.0019760324950368106
0.1, 0.002019705285512655
0.1, 0.00202039779784801
0.1, 0.0020948047123961083
0.1, 0.0020967105690701438
0.1, 0.0019966225736133413
0.1, 0.0020285070992956318
0.1, 0.0021386113858476
0.1, 0.0019825378985043212
0.1, 0.0020540953932307255
0.1, 0.002037962928078179
0.1, 0.0020805316544939816
0.1, 0.0020089570782117643
0.1, 0.002015765200050239
0.1, 0.0019519824190434617
0.1, 0.0020009118067481776
0.1, 0.0020310530232701724
0.1, 0.0019209769207507914
0.1, 0.002066534358197328
0.1, 0.0019583580965937307
0.1, 0.0020730146723825595
0.1, 0.002073668977031951
0.1, 0.0020445292854552157
0.1, 0.002012673661174352
0.1, 0.0019645638636525747
0.1, 0.0019909253081163074
0.1, 0.0020516340238593968
0.23999999999999994, 0.0020865513408459325
0.1, 0.002009832350588744
0.1, 0.002055884070824352
0.1, 0.0020163501294331483
0.1, 0.0019837907763705963
0.1, 0.0020880673163082906
0.1, 0.002039093669781412
data/dry_pvc_500/exp_400
0.1, 0.002114796265107019
0.1, 0.002162348042171515
0.1, 0.002140604856204273
0.1, 0.002110654517503886
0.1, 0.0021581651344012094
0.1, 0.0021026734787398245
0.1, 0.0020703076576563846
0.1, 0.002094352348925397
0.1, 0.002089218291343544
0.1, 0.0020798208275123868
0.1, 0.0020614525731848937
0.1, 0.002138263744625098
0.1, 0.00209491110826269
0.1, 0.0020404461862115883
0.1, 0.0021250796273811316
0.1, 0.002066074871756875
0.1, 0.002177547500885685
0.1, 0.002012701334482093
0.1, 0.0021193536325410916
0.1, 0.0020971629761675466
0.1, 0.0020337443795544322
0.1, 0.0021506418476715306
0.1, 0.0021123508127711163
0.1, 0.0021054291290733235
0.1, 0.002128208998640987
0.1, 0.002105263637510485
0.1, 0.002118786992906204
0.1, 0.002115966330906965
0.1, 0.0021502634288369164
0.1, 0.002135924622808994
0.1, 0.0020706661601439264
0.1, 0.0020885119327760503
0.1, 0.0021176521691272498
0.1, 0.0021498450305618695
0.1, 0.0022028858995960503
0.1, 0.0021163908203805488
0.1, 0.002041069542614574
0.1, 0.002030841532097985
0.1, 0.002139276697438477
0.1, 0.0021161251442418784
0.1, 0.0020601943334511933
0.1, 0.0021373815982858014
0.1, 0.002085066616650957
0.1, 0.0021155779704012294
0.1, 0.00211250801198442
0.1, 0.002063256378651121
0.1, 0.0021482519389916617
0.1, 0.002101361857808696
0.1, 0.002083400975343096
0.1, 0.0020862698971539353
data/dry_pvc_500/exp_50
0.23999999999999994, 0.0025144158263537882
0.23999999999999994, 0.0025115034675515283
0.15999999999999998, 0.0027186196025224076
0.23999999999999994, 0.002547831259108653
0.23999999999999994, 0.0026059803789925677
0.23999999999999994, 0.0024072018461615786
0.23999999999999994, 0.0027068172975178895
0.23999999999999994, 0.002467883594005526
0.15999999999999998, 0.0026533968521500377
0.23999999999999994, 0.0025390963901836478
0.23999999999999994, 0.0024708234660305944
0.23999999999999994, 0.002361621062002694
0.23999999999999994, 0.0025220170097452117
0.23999999999999994, 0.002556145147938973
0.23999999999999994, 0.0025828067029942735
0.23999999999999994, 0.0025839035973012356
0.23999999999999994, 0.0026989235022094214
0.23999999999999994, 0.002661295375111728
0.23999999999999994, 0.002620768814562021
0.23999999999999994, 0.0026110533739035512
0.23999999999999994, 0.002610963767689933
0.23999999999999994, 0.0024283447210613025
0.23999999999999994, 0.0024634920266582727
0.13999999999999999, 0.0027106313149933003
0.23999999999999994, 0.0025169886533289412
0.23999999999999994, 0.002536045169558672
0.11, 0.002784003096338072
0.23999999999999994, 0.0024970039225626576
0.15999999999999998, 0.002695557542145748
0.23999999999999994, 0.0027158183015170046
0.14999999999999997, 0.0027753405170814253
0.14999999999999997, 0.0028129707967120138
0.23999999999999994, 0.002554749435908616
0.1, 0.0025128581860290613
0.23999999999999994, 0.0024994794160120132
0.23999999999999994, 0.002650585042043725
0.23999999999999994, 0.0026561659040934497
0.1, 0.0024290794480459933
0.11, 0.0027452882817412317
0.12, 0.0028285839059404025
0.23999999999999994, 0.0024836484653468355
0.23999999999999994, 0.0025761084471073253
0.23999999999999994, 0.002589172941151112
0.15999999999999998, 0.002654562155129239
0.23999999999999994, 0.0025130470017750268
0.14999999999999997, 0.0026659120710254094
0.23999999999999994, 0.0025921815130930804
0.23999999999999994, 0.0025158920626234178
0.23999999999999994, 0.002482695483825847
0.23999999999999994, 0.002771749134331592
data/dry_pvc_500/exp_500
0.1, 0.00211442685638093
0.1, 0.0021375397764296145
0.1, 0.0021500952922232385
0.1, 0.0021997155106860946
0.1, 0.002132047085352961
0.1, 0.0021810796518094804
0.1, 0.0022000029839852244
0.1, 0.0021442000412341474
0.1, 0.0021500124948235612
0.1, 0.002183592922661911
0.1, 0.002152660422996218
0.1, 0.0021764137185682634
0.1, 0.002198913901191329
0.1, 0.002144279802222592
0.1, 0.002186509486624507
0.1, 0.0021522963748866167
0.1, 0.002177197720855563
0.1, 0.0021726923475232007
0.1, 0.0021805716891063263
0.1, 0.0021278130432161174
0.1, 0.002124200744654493
0.1, 0.0021644763245092635
0.1, 0.0021018919331949053
0.1, 0.0020914066261464555
0.1, 0.0022177144168996268
0.1, 0.002193498894937724
0.1, 0.0021375934441291537
0.1, 0.002204745082610497
0.1, 0.002153756549902549
0.1, 0.00214691574365087
0.1, 0.002168826651011483
0.1, 0.002185831742689598
0.1, 0.0021343195527122752
0.1, 0.0021996295631380516
0.1, 0.0021484316001261087
0.1, 0.0021739234431515965
0.1, 0.002176406286564589
0.1, 0.0021073558516707513
0.1, 0.002178834504745054
0.1, 0.002158709839391109
0.1, 0.0021718182550658142
0.1, 0.002227174837323103
0.1, 0.0021432506752598573
0.1, 0.0021456603482726106
0.1, 0.002228899948732248
0.1, 0.002151115519470454
0.1, 0.002187608220648071
0.1, 0.0021651106449825748
0.1, 0.002175540657820818
0.1, 0.002157861531954017
