sensor_readings, r: 0.21230625557053573, std_dev: 0.029373090286754087
0.2163031194540375
0.24224918928107853
0.20973646397374052
0.2552890823979509
0.25479933574676433
0.20809786915244938
0.26193261708432214
0.21620260168565103
0.21620260168565103
0.2125572659246676
0.21620260168565103
0.190280673021556
0.1785304330390517
0.1846081517315268
0.1497994803270675
0.18742944346170487
0.1902933124160099
0.1902933124160099
0.19947532747790933
0.28240554696736353
0.19947532747790933
0.19969796503008233
0.26193261708432214
0.22609040102408667
0.23267361564900504
0.1990939887005951
0.18564987948164186
0.1802047796106081
0.19859932015564774
0.18598707064205805
0.20463845434458433
0.24684629862140325
0.2225282870755729
