data/dry_pvc_400_long_right/exp_100, r: 0.20440000000000005, std_dev: 0.009293403409880344, fps: 1.851166921675778
data/dry_pvc_400_long_right/exp_200, r: 0.2022000000000001, std_dev: 0.004646701704940172, fps: 1.262335006880431
data/dry_pvc_400_long_right/exp_300, r: 0.2078000000000001, std_dev: 0.004184519575964809, fps: 0.9669406392980392
data/dry_pvc_400_long_right/exp_400, r: 0.2088000000000001, std_dev: 0.003282607226593163, fps: 0.8784652129259372
data/dry_pvc_400_long_right/exp_50, r: 0.1855999999999999, std_dev: 0.02232962706580561, fps: 3.369953952121519
data/dry_pvc_400_long_right/exp_500, r: 0.2096000000000001, std_dev: 0.001979486637221575, fps: 0.9452721887971548
data/dry_pvc_400_long_right/exp_100
0.20999999999999996, 0.0020090913261642026
0.21999999999999995, 0.002084399806614097
0.20999999999999996, 0.002065849645374213
0.20999999999999996, 0.0020613078494305043
0.20999999999999996, 0.0021363404174504553
0.19999999999999996, 0.002093096501768292
0.19999999999999996, 0.002133090235275732
0.18999999999999995, 0.00213183234327492
0.19999999999999996, 0.0020710935388286488
0.21999999999999995, 0.002082733803163836
0.20999999999999996, 0.002198588213760241
0.19999999999999996, 0.002035614251324765
0.20999999999999996, 0.0020780035949946856
0.20999999999999996, 0.0020372394543466295
0.19999999999999996, 0.0020773222477116398
0.20999999999999996, 0.0020542366187365183
0.21999999999999995, 0.002023016730469705
0.18999999999999995, 0.002098650706194015
0.21999999999999995, 0.0021260147807997407
0.18999999999999995, 0.0019324672767834265
0.20999999999999996, 0.002076196307882161
0.19999999999999996, 0.0020822865039168813
0.18999999999999995, 0.002092714111876016
0.18999999999999995, 0.0021252733503845144
0.20999999999999996, 0.0019447332954711995
0.20999999999999996, 0.0021124848858703267
0.20999999999999996, 0.0019428106618935436
0.20999999999999996, 0.00195164374967811
0.20999999999999996, 0.002032150188005608
0.19999999999999996, 0.002193444798264358
0.18999999999999995, 0.0021003425148232073
0.20999999999999996, 0.0021826902773192424
0.20999999999999996, 0.001909477409889939
0.18999999999999995, 0.002196784512594418
0.20999999999999996, 0.002023908243269935
0.18999999999999995, 0.002150204947211825
0.20999999999999996, 0.002014981021801784
0.20999999999999996, 0.002168581606554203
0.19999999999999996, 0.002048562430577601
0.18999999999999995, 0.0021235705250379354
0.20999999999999996, 0.0020035087437781283
0.19999999999999996, 0.001989661153178841
0.20999999999999996, 0.0021215138356604425
0.20999999999999996, 0.002024996578235514
0.18999999999999995, 0.0020842444664009776
0.20999999999999996, 0.0019985542368064534
0.18999999999999995, 0.0021217635153405554
0.20999999999999996, 0.0020757141606186987
0.19999999999999996, 0.0021111725566556262
0.20999999999999996, 0.0020826773432666298
data/dry_pvc_400_long_right/exp_200
0.19999999999999996, 0.0017820904386751265
0.19999999999999996, 0.0017867699955992744
0.19999999999999996, 0.001812838900353912
0.21999999999999995, 0.0018318013019628216
0.19999999999999996, 0.0018496900119771124
0.19999999999999996, 0.0017946813279186566
0.19999999999999996, 0.0017968194732734923
0.19999999999999996, 0.0017610026819761832
0.19999999999999996, 0.0018660103190438803
0.19999999999999996, 0.0017532177909682365
0.19999999999999996, 0.0018378106003507295
0.19999999999999996, 0.0018287122117216154
0.19999999999999996, 0.001859067961731681
0.19999999999999996, 0.0018113819250277327
0.19999999999999996, 0.0017590706767770647
0.19999999999999996, 0.001772495103752725
0.19999999999999996, 0.0018142087122651539
0.19999999999999996, 0.0018427417950634972
0.19999999999999996, 0.0017843412138358013
0.20999999999999996, 0.0018001582122307844
0.19999999999999996, 0.0017941196531311642
0.19999999999999996, 0.001794008560322762
0.19999999999999996, 0.001803680719640343
0.19999999999999996, 0.0018189425970579745
0.19999999999999996, 0.001824988203388386
0.20999999999999996, 0.0017504938957751686
0.19999999999999996, 0.001863520632190899
0.19999999999999996, 0.0017655296748972846
0.19999999999999996, 0.001840239602056077
0.19999999999999996, 0.0017457622619604944
0.20999999999999996, 0.0018768757691739384
0.19999999999999996, 0.00180691721697391
0.20999999999999996, 0.0018036691325407175
0.19999999999999996, 0.001850249408084044
0.19999999999999996, 0.0017572934239437898
0.19999999999999996, 0.0017841595595754366
0.19999999999999996, 0.0019028063984316804
0.20999999999999996, 0.0018097625618890467
0.19999999999999996, 0.0018393659937594763
0.19999999999999996, 0.0017928041260269314
0.19999999999999996, 0.0018030467332445469
0.20999999999999996, 0.001764413649736579
0.19999999999999996, 0.001849675990220674
0.19999999999999996, 0.0018414011784710792
0.19999999999999996, 0.0017869820075854374
0.20999999999999996, 0.0018089001183260558
0.20999999999999996, 0.0018072401613960282
0.20999999999999996, 0.0018173166391986224
0.19999999999999996, 0.0017450243287583105
0.19999999999999996, 0.0018352886177635582
data/dry_pvc_400_long_right/exp_300
0.20999999999999996, 0.0017849646569644529
0.20999999999999996, 0.0017919370089454231
0.19999999999999996, 0.0017895533339127134
0.19999999999999996, 0.0017601403906982718
0.19999999999999996, 0.0017765801682603111
0.20999999999999996, 0.0017657581834557826
0.19999999999999996, 0.0017790669600394255
0.20999999999999996, 0.0017734524675485273
0.19999999999999996, 0.0017534866912989019
0.20999999999999996, 0.0017728570227789238
0.20999999999999996, 0.0017393916338028542
0.19999999999999996, 0.0017918975169607684
0.20999999999999996, 0.0017101638051421222
0.19999999999999996, 0.0017942692964875292
0.19999999999999996, 0.0016617764596030585
0.20999999999999996, 0.0017545660710464143
0.20999999999999996, 0.0017816223449190081
0.20999999999999996, 0.0018585077567756596
0.20999999999999996, 0.0017789880472508593
0.20999999999999996, 0.001749360385140729
0.20999999999999996, 0.0017454269903226106
0.20999999999999996, 0.0017805876992702657
0.19999999999999996, 0.0017403862039170684
0.20999999999999996, 0.0017797022466072177
0.20999999999999996, 0.0017563342198971266
0.20999999999999996, 0.0017394833176174404
0.20999999999999996, 0.001717258951976523
0.20999999999999996, 0.0017518321688029476
0.19999999999999996, 0.0017680010784311385
0.20999999999999996, 0.0017402058999410111
0.20999999999999996, 0.0017735080948980465
0.20999999999999996, 0.0017861259478411235
0.20999999999999996, 0.0016831296545261013
0.20999999999999996, 0.001690913302132059
0.20999999999999996, 0.0017560869598113433
0.20999999999999996, 0.0018302337975965003
0.20999999999999996, 0.0017988825930478492
0.20999999999999996, 0.0016824243556707616
0.20999999999999996, 0.0017611163350655346
0.20999999999999996, 0.0017957837628671842
0.20999999999999996, 0.001733585711383488
0.19999999999999996, 0.0017858746948657682
0.20999999999999996, 0.0017934908038536278
0.20999999999999996, 0.0016944682175971761
0.20999999999999996, 0.0017357556172923143
0.20999999999999996, 0.0017535009837788358
0.20999999999999996, 0.0017832608275183124
0.20999999999999996, 0.0017630470572831509
0.20999999999999996, 0.0017606580400882305
0.20999999999999996, 0.0017563332234070946
data/dry_pvc_400_long_right/exp_400
0.20999999999999996, 0.0017124201024582004
0.20999999999999996, 0.0017548242734475182
0.20999999999999996, 0.0017293144322695164
0.20999999999999996, 0.0017424177681103126
0.20999999999999996, 0.0017281005260536442
0.19999999999999996, 0.0017338945838513984
0.19999999999999996, 0.0017018115929856594
0.20999999999999996, 0.0017668442446945637
0.20999999999999996, 0.0017124725748863731
0.20999999999999996, 0.0017217381152001133
0.20999999999999996, 0.0017506212280443607
0.20999999999999996, 0.0017648582024142698
0.20999999999999996, 0.0017467738443734727
0.20999999999999996, 0.0017652593084211245
0.19999999999999996, 0.001730934096904447
0.20999999999999996, 0.0017832047093923242
0.20999999999999996, 0.0016678976079942064
0.20999999999999996, 0.0018243776176539693
0.20999999999999996, 0.0017204946105673115
0.20999999999999996, 0.0017874401430887036
0.20999999999999996, 0.0018028289365575275
0.20999999999999996, 0.0017055446502974082
0.19999999999999996, 0.001709243697639515
0.20999999999999996, 0.0018037628113839654
0.20999999999999996, 0.0017715254176666646
0.20999999999999996, 0.001703326856580357
0.20999999999999996, 0.0017702612819652606
0.20999999999999996, 0.0017594278905272653
0.20999999999999996, 0.0017806385904918334
0.20999999999999996, 0.0017082613703800324
0.20999999999999996, 0.0017221892798274098
0.20999999999999996, 0.0017863118478006936
0.20999999999999996, 0.0017489503794435827
0.20999999999999996, 0.0017674119001537618
0.20999999999999996, 0.0017377860467253762
0.20999999999999996, 0.0017327862077172363
0.20999999999999996, 0.0018294195971585818
0.20999999999999996, 0.0017006301118660042
0.20999999999999996, 0.0017963662940215996
0.20999999999999996, 0.001720329383305974
0.20999999999999996, 0.0017783702806818311
0.20999999999999996, 0.0017375119575910604
0.20999999999999996, 0.0017298762732895307
0.20999999999999996, 0.001785615050164848
0.20999999999999996, 0.001748035549132309
0.20999999999999996, 0.0017662249316049905
0.19999999999999996, 0.001755976556827138
0.20999999999999996, 0.0017023200602875516
0.20999999999999996, 0.0017177951996202444
0.19999999999999996, 0.0017530385983787716
data/dry_pvc_400_long_right/exp_50
0.21999999999999995, 0.002806623121592247
0.21999999999999995, 0.002784833986908327
0.16999999999999998, 0.0026374304883763832
0.19999999999999996, 0.002743728052642308
0.15999999999999998, 0.00277625328414446
0.18999999999999995, 0.0024233924927921733
0.21999999999999995, 0.0027576719087752275
0.16999999999999998, 0.002739502310730337
0.17999999999999997, 0.00260393099328481
0.19999999999999996, 0.0028715062414542986
0.20999999999999996, 0.0024906142016464425
0.14999999999999997, 0.002769830132636993
0.16999999999999998, 0.0025576176272806587
0.18999999999999995, 0.0027455985735367807
0.20999999999999996, 0.002719657966203439
0.16999999999999998, 0.003040527364962148
0.17999999999999997, 0.002700698442027214
0.23999999999999994, 0.0026205420585372003
0.17999999999999997, 0.002896320280291843
0.15999999999999998, 0.002720216885318028
0.18999999999999995, 0.002708084440612398
0.17999999999999997, 0.00293361264129212
0.15999999999999998, 0.002721792822020256
0.20999999999999996, 0.0025708094299646414
0.18999999999999995, 0.003123011430867568
0.18999999999999995, 0.0026814142190326796
0.17999999999999997, 0.002892013373103819
0.15999999999999998, 0.003006170748392947
0.17999999999999997, 0.0026799786602745655
0.16999999999999998, 0.0029772455469775174
0.15999999999999998, 0.0027739539243205194
0.19999999999999996, 0.002758510240368116
0.19999999999999996, 0.002836806554432435
0.22999999999999995, 0.002757910152829109
0.19999999999999996, 0.0026142011801489587
0.17999999999999997, 0.002892565489493095
0.15999999999999998, 0.0029452475141871423
0.13999999999999999, 0.0028503988257481674
0.17999999999999997, 0.002888758734833506
0.16999999999999998, 0.0027287114083453805
0.17999999999999997, 0.002597866114784741
0.16999999999999998, 0.0027809683421563466
0.19999999999999996, 0.0025319323079499825
0.21999999999999995, 0.0028285468067755456
0.16999999999999998, 0.002660657739626044
0.16999999999999998, 0.0028874254917907937
0.21999999999999995, 0.0028069830170626077
0.15999999999999998, 0.0026845707416183525
0.18999999999999995, 0.0027565216374128734
0.17999999999999997, 0.002716715652845974
data/dry_pvc_400_long_right/exp_500
0.20999999999999996, 0.0017861200633619667
0.20999999999999996, 0.001766764171885931
0.20999999999999996, 0.0017913016612741636
0.20999999999999996, 0.0017888020382559576
0.20999999999999996, 0.0017751091094276006
0.20999999999999996, 0.0017145454225220478
0.20999999999999996, 0.00178700018453446
0.20999999999999996, 0.0017859061916165237
0.20999999999999996, 0.0017667346591927265
0.20999999999999996, 0.0018364324191707038
0.20999999999999996, 0.0017506154984911926
0.20999999999999996, 0.0017674687844245788
0.19999999999999996, 0.0018081030787162698
0.20999999999999996, 0.0018130936662265036
0.20999999999999996, 0.001764469287822248
0.20999999999999996, 0.001789511706925088
0.20999999999999996, 0.0018019031243737566
0.20999999999999996, 0.0018009248847876988
0.20999999999999996, 0.0018062902869892873
0.20999999999999996, 0.0017833885052565602
0.20999999999999996, 0.0017807918325095334
0.20999999999999996, 0.001783047906838356
0.20999999999999996, 0.001755402063621774
0.20999999999999996, 0.0017259650267275586
0.19999999999999996, 0.001829611081729742
0.20999999999999996, 0.0018012039842370316
0.20999999999999996, 0.0017962764715762512
0.20999999999999996, 0.0018340175055715244
0.20999999999999996, 0.0018063196725782592
0.20999999999999996, 0.0017643425346034252
0.20999999999999996, 0.00178927713540137
0.20999999999999996, 0.0018600507793701427
0.20999999999999996, 0.0017676765846390337
0.20999999999999996, 0.0018346372094644374
0.20999999999999996, 0.001783554939799057
0.20999999999999996, 0.0017327874021217235
0.20999999999999996, 0.0017996176394658799
0.20999999999999996, 0.0017373106488184056
0.20999999999999996, 0.0018190683666232845
0.20999999999999996, 0.0017662776276565252
0.20999999999999996, 0.0018032418966474639
0.20999999999999996, 0.0017803488882525758
0.20999999999999996, 0.0017436399876971727
0.20999999999999996, 0.0017441407700691598
0.20999999999999996, 0.0017404881323876994
0.20999999999999996, 0.0018246566447658976
0.20999999999999996, 0.0017642923911515933
0.20999999999999996, 0.0017207730958212586
0.20999999999999996, 0.00177834563333112
0.20999999999999996, 0.0018183456923328589
