pipes_ply\beton200\exp_100, r: 0.10370801093860862, std_dev: 0.0016705507028632427, fps: 0.007724701620731389
0.10387119040015855, 9.312989060406953e-07
0.10198872243720053, 8.606446875776887e-07
0.10198344984154292, 6.034337311369368e-07
0.107792320414958, 8.505982301538427e-07
0.10681100403733264, 9.605717243100828e-07
0.10312682865580144, 5.864746976971124e-07
0.1025919029293821, 8.886102708533854e-07
0.10261163866378088, 7.792382618342731e-07
0.10222340116170961, 1.0058684576505156e-06
0.10664313026397419, 7.227498590729289e-07
0.10408778798244468, 9.577042593000286e-07
0.10455087000660579, 1.0461933952939428e-06
0.10314712805788057, 8.902730336919968e-07
0.10311366014012595, 1.0040011619054983e-06
0.1009055138989133, 9.586884396042878e-07
0.10239403505184135, 7.627868124526613e-07
0.10297693679630995, 7.182669763549551e-07
0.10231527494708917, 6.576634558521004e-07
0.10385613515982328, 8.098852854687268e-07
0.10336211900969564, 9.0468381895742e-07
0.10331310713751855, 7.775876265900194e-07
0.10230444490154607, 5.065208772478298e-07
0.10408662513012044, 6.442585671477e-07
0.10631716012472318, 4.78115412453969e-07
0.10411095369466958, 1.1084610740445352e-06
0.1027074142142355, 8.184507663397159e-07
0.10731896733369063, 1.0629960090383363e-06
0.10330495862673413, 8.19191963408306e-07
0.10282174881162119, 8.280580591972986e-07
0.10410203071177476, 7.298008053019942e-07
0.10109705552529896, 1.0273406408501732e-06
0.10668712400069633, 7.593885835220771e-07
0.10491321000248718, 8.749591788766964e-07
0.10704370978374536, 9.675260643979972e-07
0.10549638079376741, 7.159487394260777e-07
0.10341273012924487, 1.0151040515258343e-06
0.10426295422387534, 9.395627300351436e-07
0.10423003762296053, 7.979149939571541e-07
0.10239313769243881, 9.001557457405812e-07
0.10548665354721966, 7.289614143967948e-07
0.10258179845948515, 9.889942817172312e-07
0.10347209746543112, 1.0722412358161021e-06
0.10365966284278755, 7.343883516654214e-07
0.10329595468203323, 6.116038248833423e-07
0.1024519347422115, 8.155728435189537e-07
0.10544367427507605, 1.1468249270619019e-06
0.10215953729481332, 6.814024414570748e-07
0.10261828536965355, 9.336900776921236e-07
0.10177767767723445, 7.842517767724814e-07
0.10217647025676661, 9.090056256458826e-07

pipes_ply\beton200\exp_200, r: 0.10334146121047656, std_dev: 0.0020356950872048203, fps: 0.007516166554585967
0.10175279658010057, 9.60939428695055e-07
0.10443336524135136, 7.079498262017188e-07
0.10474186375502399, 8.555015361305968e-07
0.10337827239332852, 5.931558538519591e-07
0.10654132193980738, 7.748152243417238e-07
0.10675886282530811, 6.346528714541625e-07
0.10073452745159647, 7.090241631139323e-07
0.10143286181858203, 8.829846596476546e-07
0.10769502541459879, 6.661906360083364e-07
0.10300161349026823, 6.439163361962541e-07
0.1041527668208708, 9.900252357344676e-07
0.10384254986618024, 7.252138441076818e-07
0.10151886719708543, 8.306546700309192e-07
0.10100855808763401, 6.496322629513567e-07
0.10264007294783675, 5.123145694039806e-07
0.10172537596013077, 5.266894904895226e-07
0.10383568086562808, 9.214716673115773e-07
0.10158606032022412, 7.113906545519297e-07
0.10260738787266226, 5.414282842602935e-07
0.10172127316364055, 5.394185266916679e-07
0.10610409273444239, 8.721422082197521e-07
0.10343086275415898, 4.98065210223655e-07
0.10194528794687675, 7.052427195801622e-07
0.10304820688439839, 7.687801237516115e-07
0.10637445975594513, 7.317269591762724e-07
0.10417001280621788, 6.81168315746838e-07
0.10288951527986286, 5.90789617655851e-07
0.10748415553069338, 9.012784273455284e-07
0.10620723485996122, 8.641535965347843e-07
0.10588438193538657, 7.005628336357043e-07
0.10344498617863374, 8.426098248360004e-07
0.10127848198409695, 5.129380332419655e-07
0.10298164157480258, 7.80924996526671e-07
0.10179715250043236, 7.778516704872266e-07
0.10685961866909426, 9.497623411230865e-07
0.0995640901542042, 3.7008704699784397e-07
0.10404435208622319, 6.649741375471116e-07
0.10130872338985433, 6.4273847894513e-07
0.10353696713082931, 6.25238243931386e-07
0.10110156570075113, 7.944182840091861e-07
0.10306940003507668, 7.740450989365753e-07
0.1014480731641286, 5.843320914169079e-07
0.10359136505307451, 1.0079504710917103e-06
0.10438137053243297, 7.845973794785642e-07
0.10195581941075428, 6.33904451529082e-07
0.10244377437640542, 6.929584734519797e-07
0.10518763306648975, 9.137437649554403e-07
0.10301333561301487, 8.043739864564203e-07
0.10450123291970687, 4.94452193423564e-07
0.098916162484019, 3.8131289966839714e-07

pipes_ply\beton200\exp_300, r: 0.10265654132508027, std_dev: 0.0030674266065883436, fps: 0.007364364670648218
0.10327342502624076, 8.034717723927824e-07
0.1022845726543722, 3.750107481272985e-07
0.10629201308901771, 5.928310324446137e-07
0.10388371821619162, 8.83889343121617e-07
0.1032806650296683, 7.685211404969086e-07
0.10605585670204183, 9.999971297230996e-07
0.10482552218152835, 5.096430213537148e-07
0.10120260466565856, 5.56757182689939e-07
0.1032199646920179, 6.472607656765241e-07
0.10353502988070777, 5.084743068713575e-07
0.10661224874557353, 5.195355419168835e-07
0.10028367744461045, 4.268741502877873e-07
0.10270298256608947, 4.199324812168968e-07
0.1004666280432948, 5.787439488198492e-07
0.1069788953028752, 6.350110372427059e-07
0.1016963236486661, 6.424954311716197e-07
0.10414710352057079, 6.223095558490846e-07
0.10181660704309214, 6.545192198359779e-07
0.10060310644919035, 5.459920012110056e-07
0.10328851005791058, 5.24504979045836e-07
0.10556238349387863, 8.932276011507602e-07
0.1024051412410823, 4.874518877630857e-07
0.10296257182950154, 5.275603002348419e-07
0.1063119171017627, 1.0413589397911988e-06
0.10134314371801886, 6.677118948298361e-07
0.10274327379870753, 6.327727892622561e-07
0.0990124124372607, 3.250450630599424e-07
0.10045910115345844, 5.931411138674486e-07
0.09984485378016032, 4.826750140173406e-07
0.10369327341937543, 6.968439561181496e-07
0.10093267763221903, 8.173380286379866e-07
0.10069689775457133, 7.438916523847496e-07
0.10109061124076957, 5.818120551363525e-07
0.10422546233286696, 6.500915441214412e-07
0.1003158607230162, 5.275570249832575e-07
0.10096297783848872, 6.757229500907598e-07
0.10593817666824795, 7.182694189618315e-07
0.10045480735308022, 6.675316273285901e-07
0.10346416938741855, 5.104324296486353e-07
0.10390831539652329, 6.462003653714575e-07
0.08775034763007929, 2.0266871749782713e-07
0.10091610581040486, 4.806762835518523e-07
0.10595196936638412, 8.97046443497651e-07
0.09923487624840457, 4.5514595832395876e-07
0.10702876362876422, 6.3785126911841e-07
0.10260693204341877, 7.034864848664101e-07
0.10321650043389505, 6.386541018858442e-07
0.10650903023600411, 9.834313036735825e-07
0.10405481116486533, 7.486870321208454e-07
0.10278024643206549, 7.330080713974384e-07

pipes_ply\beton200\exp_400, r: 0.10283169147314314, std_dev: 0.0016977099365625302, fps: 0.007160357711765974
0.10140663335272436, 4.950440755129056e-07
0.10397914938434817, 7.589125091058288e-07
0.1049423639100059, 8.829641706019429e-07
0.10580941266937675, 1.017797469356751e-06
0.10133070787571259, 6.688193338454293e-07
0.10171255271361021, 5.69976259063228e-07
0.10559369961367011, 8.383567235942891e-07
0.10373006505410742, 1.0334334726453608e-06
0.1014978243679461, 5.7998737750523e-07
0.10119269200398279, 5.130508115793781e-07
0.10518903295300494, 6.370739757163375e-07
0.10188230204029554, 6.676831354389091e-07
0.10224638042779946, 5.171290831135245e-07
0.10045518471250472, 3.6189336603955575e-07
0.10195499478379284, 6.76875605347112e-07
0.10148665753135545, 6.730750440784871e-07
0.10282474345587495, 6.933413043311915e-07
0.10254600012593885, 6.970727197723888e-07
0.102774246566425, 7.811184541986123e-07
0.10420725420022003, 7.468795789167278e-07
0.10227709756847972, 4.011789942491875e-07
0.10099771582093373, 7.133799376538372e-07
0.10094617924743915, 5.234301958319173e-07
0.10351860404191758, 4.7233723943142516e-07
0.1055359465148676, 7.626837445180793e-07
0.10276076134879747, 5.180632367891664e-07
0.10347128057904505, 4.677382220010598e-07
0.10571799769718952, 5.266250558545701e-07
0.10559267648477827, 6.816976549218521e-07
0.10082526390569264, 8.351916271479107e-07
0.10052837329820338, 7.327409061606805e-07
0.10174855775162762, 6.022326703973207e-07
0.10387253834037638, 9.191949736796726e-07
0.10149779204817633, 4.542742884030634e-07
0.10433124585998779, 7.863826094597833e-07
0.10162454264642512, 6.74800345637603e-07
0.1008508559955626, 4.4151513647754874e-07
0.10252209174707246, 1.2375406216106175e-06
0.10154928644784085, 7.795788468045304e-07
0.10636253727607851, 1.0891168000370103e-06
0.10081114800077122, 4.267081906165664e-07
0.102385879827323, 4.4606373025377524e-07
0.10187754119482594, 7.298449915688102e-07
0.10255941054984384, 4.2796526115799346e-07
0.10272894348154367, 3.61771523689781e-07
0.10553172781108731, 5.310882734201242e-07
0.10325190995834754, 6.850249306703885e-07
0.10420865644708348, 4.679399805056243e-07
0.10027001224325884, 8.164326996043834e-07
0.10466610177988564, 8.312256388493713e-07

pipes_ply\beton200\exp_50, r: 0.10084639158651201, std_dev: 0.012235313032738272, fps: 0.009439649483763647
0.10354317274803425, 5.003519750304982e-07
0.10362070215470968, 5.346127393709737e-07
0.10187545972762369, 6.80450682260853e-07
0.0978799501805455, 5.491832182590512e-07
0.1031379054935453, 8.523284069750836e-07
0.1030239058812536, 9.455557373915848e-07
0.10077932532844254, 1.2949287455970086e-06
0.10280521752544042, 8.199414956172039e-07
0.10263900814863623, 8.274224228131664e-07
0.10409553009669333, 7.339145409178162e-07
0.1036570674150654, 6.266885022585682e-07
0.1011841316464, 8.350712139139959e-07
0.10261152540685085, 9.331790115705345e-07
0.1038423257555145, 8.30405725680807e-07
0.10311944934735809, 8.376858552756491e-07
0.10209992031452388, 6.752510655758367e-07
0.10469697086765588, 5.605020510519857e-07
0.10213589824727884, 9.893256357111027e-07
0.09183237059875136, 1.0735614477397535e-06
0.10428634386307407, 7.90643012428506e-07
0.10429796731430323, 8.63554343772084e-07
0.10282379323046427, 1.0231385607792111e-06
0.10563253955622606, 6.00893712217504e-07
0.10351331317491083, 6.488610444541023e-07
0.10456048635490477, 1.0448794904385025e-06
0.10432010224571732, 1.1259648787998112e-06
0.1043135498224882, 7.340274984990406e-07
0.10304335523132367, 7.459810626321496e-07
0.10517633947318224, 8.904835466175174e-07
0.10283426799800001, 1.015144770032694e-06
0.10299811937263623, 8.551353477544751e-07
0.10223526269373615, 8.467074311378342e-07
0.10316999232784758, 8.760616758275635e-07
0.10261258973692308, 8.015471583727788e-07
0.09833527254745217, 8.542361301174731e-07
0.11038152276659394, 4.930672459840796e-07
0.09303692650410404, 5.782352802779007e-07
0.10293607673753839, 8.10037870611014e-07
0.10571864345435011, 1.149622002054022e-06
0.10290946546148244, 1.1398665783541199e-06
0.0954441545559112, 5.060691653995538e-07
0.10450889682750691, 8.651228583890351e-07
0.10162556815259353, 1.0029930340392495e-06
0.10442057110499949, 9.551531159805872e-07
0.10448097335882459, 5.669289965358965e-07
0.10267335225778455, 7.748190631607949e-07
0.09969889061128961, 3.1738587845167724e-07
0.018689920270031534, 4.104332291475662e-08
0.10314608441565311, 7.867257117124156e-07
0.09991540101942459, 1.0094135081566555e-06

pipes_ply\beton200\exp_500, r: 0.10333955364146544, std_dev: 0.004177139788101247, fps: 0.007515615135320639
0.10211045624805234, 6.458649153727243e-07
0.10219417047620122, 5.964385054514483e-07
0.10250820674861148, 3.722733190634913e-07
0.10576986329486175, 2.7370839789765655e-07
0.1065028575837737, 6.127230653844632e-07
0.1056385109322283, 6.463877976877301e-07
0.07720793414744188, 2.983847218405509e-07
0.1042794143519408, 3.8965952343699925e-07
0.10511072566158769, 6.825586121123034e-07
0.105829103870106, 6.621948537389978e-07
0.10347182419171998, 3.6563597569998035e-07
0.10267690162455942, 3.4236474683118037e-07
0.1013292603635984, 6.7111309968692e-07
0.10325621370186307, 6.614348942444369e-07
0.1029765388427795, 3.5648785920337515e-07
0.10332026766818024, 4.225149384063341e-07
0.10109544802856998, 8.151225990633523e-07
0.10505789777286394, 8.876645292351415e-07
0.10190310554074744, 9.06562598578725e-07
0.10640106343231345, 4.987105164419984e-07
0.10164958218510162, 6.904761183079016e-07
0.10501335947440915, 6.293133640357846e-07
0.1026650905870181, 5.897787169342327e-07
0.10215962708549536, 4.777809890528176e-07
0.10648967942238906, 3.730326551215997e-07
0.10100726567186726, 6.254241668965355e-07
0.10231262252968251, 4.854278890853445e-07
0.10337938258834929, 5.780052663184112e-07
0.10581170836889486, 9.642935172550885e-07
0.10620100187757797, 6.919388304095734e-07
0.1037190173993981, 8.966373044125995e-07
0.10509294325892174, 8.189872043522601e-07
0.10623032989439385, 4.747383594640675e-07
0.10237169441112, 4.958803489879062e-07
0.10290464178332841, 5.958370463102927e-07
0.10522074285774702, 2.740577024487693e-07
0.10503700162783482, 6.3419991878763e-07
0.1008798574161361, 6.186006302255557e-07
0.10226531786451089, 5.159054072925351e-07
0.10510863960641172, 1.0921737257475447e-06
0.10090146523604072, 6.868100106309198e-07
0.10503900795814602, 8.162041408071645e-07
0.1034107967825538, 3.760079310868435e-07
0.10468466728095926, 7.147008743151469e-07
0.10558167302167684, 6.374426256809253e-07
0.10279647404058363, 6.689820140581039e-07
0.10546596488373583, 8.228466750071754e-07
0.10168172712238768, 5.605260875772766e-07
0.10609260986501494, 5.144304278948211e-07
0.10716402548958501, 6.359699775694318e-07

