pipes_ply\dry_pvc_400_long_right\exp_100, r: 0.20881951249510258, std_dev: 0.0008980861140774579, fps: 0.0033467654974505675
0.20937789364640014, 3.819372004021725e-06
0.20860485569077436, 4.023600288099496e-06
0.20899789300843463, 4.387538381177294e-06
0.2072677243537393, 4.58222011048503e-06
0.208248563439033, 4.092484823781926e-06
0.20885009935761675, 4.383294686164261e-06
0.20752626950646266, 4.436968216740062e-06
0.20873537623035313, 4.5843356650292815e-06
0.209095832383416, 3.6821835223683266e-06
0.20727324976064093, 4.560077979865968e-06
0.2084636373343692, 3.0966967403293725e-06
0.20681471345496077, 4.384662778774038e-06
0.20852866484045168, 3.947552653108345e-06
0.20926782166279645, 3.0867380767273515e-06
0.20852571090913521, 4.530699601658759e-06
0.209851588212284, 4.085788500412753e-06
0.2104671167137403, 4.018487057130033e-06
0.20988786063020326, 4.5076299480615976e-06
0.20884244558883028, 3.9411090578020195e-06
0.20977334082510649, 4.46003818646367e-06
0.20800666687654745, 3.942806737658596e-06
0.20952264119847236, 4.130573425259284e-06
0.20924490764201192, 4.238727644095591e-06
0.2092035590915567, 3.998121977104465e-06
0.210084615284358, 2.5829273177357982e-06
0.20913212687959065, 4.674142564124885e-06
0.20762206020962756, 4.644730977691882e-06
0.21040187258905851, 4.243490737808846e-06
0.20797203052421556, 4.305742698738331e-06
0.2085454136865463, 4.4762599542825524e-06
0.2095631471208585, 4.4077022832136125e-06
0.20905867855208354, 3.9146390646950126e-06
0.2087605199323207, 4.20223437680839e-06
0.20759963481124094, 4.333956250975297e-06
0.20881604194890452, 4.076034506426213e-06
0.20908344002631768, 4.0492451467296556e-06
0.21009493103304122, 4.168534896099205e-06
0.20945168467260544, 3.966327759221465e-06
0.20722606052612236, 4.43586915620997e-06
0.20964478627510616, 3.881835710972109e-06
0.20964762328293884, 3.9966348134401225e-06
0.20977356028851285, 4.479227364191348e-06
0.20873723626086602, 3.7902601803414482e-06
0.20889662917289342, 3.3098866532814348e-06
0.20753808521323092, 4.49248062333586e-06
0.20972045169580605, 3.883910535975398e-06
0.2082820142533929, 4.187546076923426e-06
0.20747112364022788, 4.395005715732161e-06
0.20829703724192608, 4.1481258095412355e-06
0.20917638727599389, 4.088743360074156e-06

pipes_ply\dry_pvc_400_long_right\exp_200, r: 0.212846816921151, std_dev: 0.0006604277017409555, fps: 0.0026556194561479104
0.21218565826380242, 3.522951910301196e-06
0.2125747028819685, 3.6140017419172e-06
0.21172328020344724, 3.648558200892991e-06
0.212528353537516, 3.6864477503294185e-06
0.21220940546685238, 3.716855956299314e-06
0.21189533573919586, 3.5967940682065864e-06
0.21212657008668692, 3.7539993658086557e-06
0.21239273937263378, 3.7310296237263794e-06
0.2123887509197974, 3.65427418181447e-06
0.21269341545884407, 3.5752864471537076e-06
0.21213050039238068, 3.860870691383103e-06
0.21201853542993596, 3.7088417074449677e-06
0.214163703530686, 4.12741911008181e-06
0.21347644029525448, 3.868440752878399e-06
0.21380381439012977, 3.6778258080270248e-06
0.21294090160811824, 3.5921241277560877e-06
0.21349577381722162, 4.020039043210111e-06
0.21291297890433783, 3.612214953563e-06
0.21356253566501218, 3.7028311652790493e-06
0.2140912168874559, 3.8646421058787255e-06
0.2131266184219631, 3.691634851772442e-06
0.21316369827412227, 3.906271456625349e-06
0.2118169790885765, 3.5114188960369115e-06
0.2132525722056602, 4.474184893354007e-06
0.212879711936697, 3.7962177131618463e-06
0.2138935415077503, 3.949168010806118e-06
0.21285077407963351, 3.7883832080051395e-06
0.21342648272997553, 3.816765251151657e-06
0.2126618608744942, 3.549235995742055e-06
0.21299158327336917, 3.5724678333517573e-06
0.21335997440080273, 3.6781893000113387e-06
0.2137337061600242, 3.944708814763644e-06
0.21254847657910472, 3.7608430567623127e-06
0.2124730008382988, 3.7000726389389674e-06
0.2131532289099819, 3.630878147175017e-06
0.21289377982027197, 3.960570463947932e-06
0.21356798945130784, 4.043592022219078e-06
0.21294001026903756, 3.7187794029490364e-06
0.2130580104604944, 3.8392374539239205e-06
0.21303017883025277, 3.607445384466001e-06
0.2126721818084144, 3.687167371713137e-06
0.21303003335741724, 3.6745590400927162e-06
0.21293175226652244, 3.7502327819240794e-06
0.2129862697478694, 3.5812901930155996e-06
0.21218859193308628, 3.827635186501136e-06
0.21425896775072809, 3.847218652098664e-06
0.21187741591247675, 3.6611429089576324e-06
0.21172103989935434, 3.621277719942516e-06
0.2126003050686294, 3.6059783294694654e-06
0.21193749734995385, 3.7096238031597712e-06

pipes_ply\dry_pvc_400_long_right\exp_300, r: 0.21284753381162524, std_dev: 0.00031489556866819596, fps: 0.00241430387823886
0.21291178099442265, 3.3126444890702573e-06
0.21361080648757466, 3.6156867756259188e-06
0.21312552425243428, 3.431254519754485e-06
0.2134317096667059, 3.4611005075832436e-06
0.21288335701414704, 3.7276637162807503e-06
0.21264320570034664, 3.5665138812940826e-06
0.21282450356132884, 3.490645043471502e-06
0.21299239915023635, 3.305774249022261e-06
0.21321613412252985, 3.4665660511342807e-06
0.21290962381692888, 3.3941883106717897e-06
0.21229470205248502, 3.5123868775607546e-06
0.2128177596065893, 3.3614491645639488e-06
0.21292774952770713, 3.543622531678631e-06
0.21268633158210323, 3.670095591885021e-06
0.21226194089927852, 3.3475762250325815e-06
0.21247344062754991, 3.2513840086780375e-06
0.21249866593623565, 3.560409760667356e-06
0.21246321628680873, 3.385704593222957e-06
0.21280892103099527, 3.3812052488361616e-06
0.21301372232724136, 3.3948023600597588e-06
0.21299601085155653, 3.612247418860486e-06
0.21308043612110655, 3.568934403715894e-06
0.21332405840500626, 3.556344423724797e-06
0.21264180177674163, 3.4794479362653957e-06
0.21267573251904237, 3.5868332842786e-06
0.21301031175593563, 3.506967993027083e-06
0.21269540679770665, 3.4098974937789775e-06
0.212693488597725, 3.361888468649237e-06
0.21304992468632106, 3.51412824090259e-06
0.2128243605732804, 3.5389390608540205e-06
0.21233697663669576, 3.5515128107160633e-06
0.2125194645391312, 3.665314436817614e-06
0.21256342362650205, 3.4221419269657316e-06
0.21334081580141004, 3.520777078503482e-06
0.21275802461742022, 3.301882999415918e-06
0.21267483772202256, 3.591978884689768e-06
0.21260632458977577, 3.2493560014360307e-06
0.21267595790314625, 3.4391876369798973e-06
0.2127018828709456, 3.5832824510314347e-06
0.2134270163934603, 3.7470006914819943e-06
0.21284781476706674, 3.3259271408889695e-06
0.21323392846062636, 3.566259102191232e-06
0.21251575159442856, 3.2795788571275456e-06
0.21284262692054365, 3.3902700381915225e-06
0.21319912379797967, 3.5269510073832135e-06
0.21251083374650875, 3.3559705407778503e-06
0.21330021073139807, 3.366900589263817e-06
0.2129146278334382, 3.3904644465787873e-06
0.21308880745737285, 3.230767328128288e-06
0.21253121384331874, 3.5294203990996505e-06

pipes_ply\dry_pvc_400_long_right\exp_400, r: 0.2130429112881156, std_dev: 0.0004502981713834764, fps: 0.0024181148339080622
0.21223645715991044, 3.5566220810406596e-06
0.21247717838091892, 3.2515835967522183e-06
0.2128411035746297, 3.086866921633074e-06
0.21313538772601726, 3.3617213101419605e-06
0.21250893310304866, 3.042054229977138e-06
0.21254949635128872, 3.4769714717422853e-06
0.2129365355383443, 3.364327888398014e-06
0.21245369161759178, 3.3553480162810112e-06
0.2124332991552968, 3.416576079244672e-06
0.21311330243756293, 3.1488414590644833e-06
0.212953132096732, 3.1622814527887844e-06
0.21255068796266305, 3.4243146585558675e-06
0.2131403240461816, 3.257764490004754e-06
0.21339686131799906, 3.2618499898629837e-06
0.2132685543309908, 3.2005522731468936e-06
0.2131532929417986, 3.3315040589292857e-06
0.21368132422769867, 3.3039041668830457e-06
0.21290529110518633, 3.1132040675029205e-06
0.21337495155587963, 3.1178997609296617e-06
0.2132198339678692, 3.240552372633229e-06
0.21275173958290683, 3.243298359116017e-06
0.21283253030581822, 3.0323909657714616e-06
0.21284045693770065, 3.2409579892907686e-06
0.21285359113536823, 2.8862216139019765e-06
0.21312977085624152, 3.1929859529396535e-06
0.2132980903254033, 3.4792881210800004e-06
0.21346850405510487, 3.420948974501166e-06
0.21342535178158875, 3.285392893218435e-06
0.21316763585484347, 3.1180504272413897e-06
0.21341654314331743, 3.2836687009962352e-06
0.21328837120467903, 3.298597648796976e-06
0.21348710213291147, 3.161122242863669e-06
0.21329489833875276, 3.364361498532728e-06
0.212632678834813, 3.4493108223458866e-06
0.21322272140273185, 3.117863194652816e-06
0.21382880807447854, 3.1820640261869513e-06
0.2131287412372355, 3.1542711448183075e-06
0.21306474165484357, 3.3945820594275427e-06
0.21372936513179164, 3.378850651189929e-06
0.2130420211185666, 2.960512342549701e-06
0.2132224450695658, 3.1943916011167124e-06
0.21404945844425968, 3.1828277076619343e-06
0.2132702506923549, 3.3215000451910008e-06
0.21341246604803688, 3.4817415977744774e-06
0.2125661466218622, 3.1848494607672626e-06
0.2138372172734766, 3.5188554905185993e-06
0.21232952069988986, 3.3944449801690387e-06
0.21217212037768993, 3.4908028150665855e-06
0.21209983945825384, 3.3276795183036837e-06
0.21295279801367958, 3.3510131957925254e-06

pipes_ply\dry_pvc_400_long_right\exp_50, r: 0.17244072315820816, std_dev: 0.01317686590170395, fps: 0.011844125158704023
0.19411866071087355, 4.300922156657342e-06
0.17760358562731757, 3.624670384651337e-06
0.142529938891585, 1.324218404640362e-06
0.18582943107186484, 3.871593764567037e-06
0.18326466401655397, 3.544347599062377e-06
0.16336213488635903, 2.450941363474501e-06
0.17966738729906692, 3.2951240739889266e-06
0.18525977440502073, 3.3860381397231517e-06
0.1711781754226902, 3.3922373268067785e-06
0.17930755633208303, 3.740603821519968e-06
0.180456417679351, 3.4619398740765793e-06
0.18856704523623774, 3.3370988695733695e-06
0.1397734363326696, 1.8383884266937572e-06
0.1513072176146221, 2.4239408410680693e-06
0.17398783618973593, 3.3646954094874877e-06
0.17517165135227805, 3.4770738246448843e-06
0.1743585149186713, 3.6159553179770273e-06
0.17111297974998535, 3.5017711815596224e-06
0.17225281493994976, 2.0322950409573164e-06
0.17102769875695253, 3.0860310942943034e-06
0.17818932521952216, 3.3542957393595097e-06
0.17319597046958676, 3.212552298700332e-06
0.1925926271272529, 3.6552298269919067e-06
0.16709566652621385, 3.0560665269654377e-06
0.1758784860433547, 2.9127700371677196e-06
0.15063567925827956, 2.5002151303062624e-06
0.1624095942952945, 2.893033561899779e-06
0.17658302993662245, 3.2333793093452354e-06
0.16853628304253745, 3.1932986110217397e-06
0.17249382691795678, 3.170344305836418e-06
0.17148614701185938, 3.651126604393188e-06
0.18122642746068024, 3.68910933290637e-06
0.17148171272632726, 2.820374532795628e-06
0.1910941303893285, 3.818284379464921e-06
0.17413549441732465, 3.600211094849017e-06
0.178477158016064, 3.1255001016679086e-06
0.15910872059540612, 2.9866293604164265e-06
0.18089959477175938, 3.2824763471481793e-06
0.1604554340647455, 2.5983496655936623e-06
0.16786376565408967, 3.0660449944085315e-06
0.1561601361150986, 2.6167245260054715e-06
0.1411034449830812, 2.27544630507623e-06
0.15527878915486942, 2.693286349714236e-06
0.177751093654265, 3.7002404097582644e-06
0.1853934750239834, 3.851821919484322e-06
0.1758982091545256, 3.1158224520903166e-06
0.15780742224670186, 2.458373453887718e-06
0.18036112465520107, 3.3247832134726676e-06
0.19477823576102538, 3.913480599514682e-06
0.18352823178358266, 3.7008907886140456e-06

pipes_ply\dry_pvc_400_long_right\exp_500, r: 0.21344917420433027, std_dev: 0.0003548445810207251, fps: 0.002566724259698292
0.21352731579001555, 3.018470671878045e-06
0.213586217047374, 2.9956586548783767e-06
0.213126937660078, 3.068139798148308e-06
0.212964603946369, 3.1387849501851243e-06
0.21319373793806667, 2.8874722371048274e-06
0.21331302478418843, 3.050900311208727e-06
0.21283396809992788, 3.009153897002673e-06
0.2134918109467126, 3.0235065805079497e-06
0.21319915299502945, 2.9883494499915897e-06
0.21311119379179794, 2.9230053578585196e-06
0.21326776041411852, 3.0511819716283617e-06
0.21342019877253723, 2.9351204792229682e-06
0.21352928764372978, 3.10367980444926e-06
0.2136546220100922, 2.9292643488325698e-06
0.21336737533048244, 3.164548070767729e-06
0.21295024236589422, 3.0130638758014574e-06
0.2128014071437689, 2.7501419793302146e-06
0.21319123337599044, 2.824829229946904e-06
0.2136375259930529, 2.9355491083704862e-06
0.21359153031494973, 3.103398645527722e-06
0.21314996453181867, 2.947456002553996e-06
0.21325898091109718, 2.838154711059949e-06
0.21348087089500956, 3.1288605981821055e-06
0.21393800124224613, 3.341188909448979e-06
0.21353178426047548, 2.9700156392987625e-06
0.21369040693597635, 3.0923126815735694e-06
0.21335123902320752, 3.0217494302059766e-06
0.2131993010364503, 3.134613080505232e-06
0.21311977542267072, 2.993686401455423e-06
0.21321257704973248, 3.062605898690023e-06
0.2135030028013882, 3.005963584490199e-06
0.21353146967244796, 3.1868799557052733e-06
0.21340430071406358, 3.142867148689437e-06
0.2133119081180788, 3.1499233119598404e-06
0.2129226005595973, 3.017740401293686e-06
0.21362525506432045, 3.080768074012534e-06
0.21331449062701857, 3.074116892837882e-06
0.2135212728265852, 3.1332409497241138e-06
0.21398162845183277, 3.18811983367172e-06
0.21436282264907536, 3.0857684510111793e-06
0.2143215925054036, 3.131757449067036e-06
0.2141503941612342, 3.271701279804209e-06
0.21399360031787296, 2.960496525674825e-06
0.21385483846158196, 2.9344234098842235e-06
0.21328286389991852, 2.813844835702201e-06
0.21394544458518577, 2.8942542479948306e-06
0.2132962971858164, 2.8215274610985366e-06
0.21323587841822378, 2.8210335906186486e-06
0.21373343211880683, 3.09334808479367e-06
0.21347356940520182, 3.024091351283614e-06

