data/dry_pvc_400_long/exp_100, r: 0.21199999999999994, std_dev: 0.0063887656499993966, fps: 1.4261139476843978
data/dry_pvc_400_long/exp_200, r: 0.20100000000000007, std_dev: 0.003030457633656628, fps: 1.0075215956594061
data/dry_pvc_400_long/exp_300, r: 0.20140000000000005, std_dev: 0.0035050983275386493, fps: 0.7718723910708618
data/dry_pvc_400_long/exp_400, r: 0.20400000000000007, std_dev: 0.004948716593053925, fps: 0.7135156408201992
data/dry_pvc_400_long/exp_50, r: 0.1905999999999999, std_dev: 0.026681033544831183, fps: 2.3183419447358835
data/dry_pvc_400_long/exp_500, r: 0.20740000000000006, std_dev: 0.00443087497693451, fps: 0.7181483768776626
data/dry_pvc_400_long/exp_100
0.21999999999999992, 0.001507786828746739
0.2099999999999999, 0.0015248410951671529
0.2099999999999999, 0.0014533085185275134
0.2099999999999999, 0.0014553951610543777
0.21999999999999992, 0.0015264686098602673
0.21999999999999992, 0.0013527461215154435
0.2099999999999999, 0.0014783448058751356
0.19999999999999993, 0.001526912491690908
0.21999999999999992, 0.0015059184830536123
0.21999999999999992, 0.0015204519074907823
0.2099999999999999, 0.001545085040889585
0.2099999999999999, 0.0015007267647062518
0.19999999999999993, 0.0015186402104550032
0.19999999999999993, 0.0014937743163571143
0.2099999999999999, 0.001477308330423697
0.19999999999999993, 0.0014743123913433613
0.2099999999999999, 0.0014490460844888745
0.2099999999999999, 0.0015008519315277012
0.2099999999999999, 0.001553134893910701
0.21999999999999992, 0.0014811063747985091
0.2099999999999999, 0.001474488889789029
0.21999999999999992, 0.0015881205013985717
0.2099999999999999, 0.0013962520845094005
0.2099999999999999, 0.0015593854969590086
0.2099999999999999, 0.0014384385197733348
0.19999999999999993, 0.001555652840241906
0.21999999999999992, 0.0015242825680259174
0.2099999999999999, 0.001457966752811409
0.2099999999999999, 0.001515642543029238
0.2099999999999999, 0.0014391113568738008
0.2099999999999999, 0.0015488428423227616
0.2099999999999999, 0.001468640317625551
0.2099999999999999, 0.0015441027404336314
0.2099999999999999, 0.001516983951657488
0.21999999999999992, 0.001529409153915407
0.21999999999999992, 0.001536574730383251
0.2099999999999999, 0.001503691332657983
0.21999999999999992, 0.0015744277334765553
0.21999999999999992, 0.0014980650853005538
0.21999999999999992, 0.001505897611633939
0.2099999999999999, 0.001524745181589821
0.21999999999999992, 0.0014910515812207846
0.2099999999999999, 0.001400839297151232
0.2099999999999999, 0.0014797711847718176
0.2099999999999999, 0.0015748392529167734
0.2099999999999999, 0.0014356544024826247
0.21999999999999992, 0.0015588554836097701
0.21999999999999992, 0.0015933845498000095
0.19999999999999993, 0.0015284636674079497
0.2099999999999999, 0.001499653073645681
data/dry_pvc_400_long/exp_200
0.19999999999999993, 0.0014487995509165376
0.19999999999999993, 0.0014613464811877742
0.2099999999999999, 0.0013990257644504501
0.19999999999999993, 0.0013295543896145712
0.2099999999999999, 0.0014022819773511675
0.19999999999999993, 0.0014463302472580701
0.19999999999999993, 0.001500096041948005
0.19999999999999993, 0.0015093160322193616
0.19999999999999993, 0.0014858534492811252
0.19999999999999993, 0.0013719948661783388
0.19999999999999993, 0.0014464912350373711
0.19999999999999993, 0.0014589764099002646
0.19999999999999993, 0.0014107512173043234
0.19999999999999993, 0.001251993357396597
0.19999999999999993, 0.001366801190736119
0.2099999999999999, 0.0014433636208148978
0.19999999999999993, 0.0013964765492141579
0.19999999999999993, 0.0013145598955481418
0.19999999999999993, 0.0014853913288814654
0.19999999999999993, 0.0015126061820638448
0.19999999999999993, 0.0014218276364081372
0.19999999999999993, 0.0013743163188278317
0.19999999999999993, 0.0014697887997671165
0.19999999999999993, 0.001443964197079499
0.19999999999999993, 0.0013730218879649755
0.19999999999999993, 0.001375154752837581
0.19999999999999993, 0.0014392391818033767
0.2099999999999999, 0.001487148622329378
0.19999999999999993, 0.0014575933983210806
0.19999999999999993, 0.0014208815576763306
0.19999999999999993, 0.0014724353257188196
0.19999999999999993, 0.0014280397766953962
0.19999999999999993, 0.0014781031827141471
0.19999999999999993, 0.0015093104767053016
0.19999999999999993, 0.0013816697137801306
0.19999999999999993, 0.0014589051596376355
0.19999999999999993, 0.001393741595293425
0.19999999999999993, 0.0013915626117925713
0.19999999999999993, 0.0015098418855585514
0.19999999999999993, 0.0014896120374841585
0.19999999999999993, 0.0014098862746093036
0.19999999999999993, 0.0013773890453229755
0.2099999999999999, 0.001342028043597322
0.19999999999999993, 0.0014146550763629963
0.19999999999999993, 0.001381773117593276
0.19999999999999993, 0.0013709737479205312
0.19999999999999993, 0.0014980711089285785
0.19999999999999993, 0.0014781417404357144
0.19999999999999993, 0.0014268226564802602
0.19999999999999993, 0.0013412294596848227
data/dry_pvc_400_long/exp_300
0.19999999999999993, 0.0013937211011148477
0.19999999999999993, 0.0013771031155350435
0.19999999999999993, 0.0014097109907722889
0.19999999999999993, 0.0013299288058686264
0.2099999999999999, 0.0014255580546347385
0.19999999999999993, 0.0014380019425743612
0.19999999999999993, 0.0014326803318240008
0.19999999999999993, 0.0014305705959878773
0.19999999999999993, 0.0014326343962003238
0.19999999999999993, 0.0014033533598182312
0.19999999999999993, 0.0013856641716121594
0.19999999999999993, 0.0015174515434639253
0.19999999999999993, 0.0013523235954416262
0.19999999999999993, 0.0014618838315065682
0.19999999999999993, 0.0014112207526246106
0.19999999999999993, 0.001424483601944321
0.19999999999999993, 0.0014462455886954087
0.19999999999999993, 0.0014818201085570071
0.19999999999999993, 0.0014561918406493634
0.2099999999999999, 0.0015195000470657597
0.2099999999999999, 0.001475657384882708
0.2099999999999999, 0.0014991727448293024
0.19999999999999993, 0.0014076030791455845
0.19999999999999993, 0.001402378023833317
0.2099999999999999, 0.0014474612570765093
0.19999999999999993, 0.0014112547255935477
0.19999999999999993, 0.0013480558689629514
0.19999999999999993, 0.001445267771836128
0.19999999999999993, 0.0014448851108747947
0.19999999999999993, 0.001421230078432319
0.19999999999999993, 0.0013877482175147795
0.19999999999999993, 0.00140126908950181
0.19999999999999993, 0.0014737194810710728
0.19999999999999993, 0.0014172055429150236
0.19999999999999993, 0.0014583757354656992
0.19999999999999993, 0.0013463858900896607
0.19999999999999993, 0.0014632915914122577
0.19999999999999993, 0.0014482504451210115
0.19999999999999993, 0.0014440723121546596
0.19999999999999993, 0.0014360550462212236
0.19999999999999993, 0.0014488352272600037
0.19999999999999993, 0.0015050199431366248
0.19999999999999993, 0.0013761781491805564
0.19999999999999993, 0.0014930956961265735
0.19999999999999993, 0.001459202707734138
0.19999999999999993, 0.0015074562815632507
0.2099999999999999, 0.0014119036531800428
0.19999999999999993, 0.001420321386709527
0.19999999999999993, 0.001346873276298421
0.2099999999999999, 0.0014820983161484308
data/dry_pvc_400_long/exp_400
0.19999999999999993, 0.0014859388568101417
0.2099999999999999, 0.0015073669438835154
0.19999999999999993, 0.0014902084950751055
0.19999999999999993, 0.00152118370378187
0.19999999999999993, 0.0014584581617971626
0.2099999999999999, 0.001492441607156286
0.19999999999999993, 0.001476739820700742
0.19999999999999993, 0.00142061503779585
0.2099999999999999, 0.0014997121642774593
0.2099999999999999, 0.0015251438733809401
0.19999999999999993, 0.001511674728080754
0.2099999999999999, 0.001472129863172458
0.19999999999999993, 0.0014556028946140815
0.19999999999999993, 0.0014313306371835054
0.19999999999999993, 0.0014492772023429665
0.19999999999999993, 0.0014840950496775491
0.2099999999999999, 0.001430677805144111
0.2099999999999999, 0.0014514079534155952
0.2099999999999999, 0.0014272294806304765
0.19999999999999993, 0.0014210618251240972
0.2099999999999999, 0.0014665251511595
0.19999999999999993, 0.001508582180035254
0.2099999999999999, 0.001449683827177451
0.2099999999999999, 0.001520170708264349
0.19999999999999993, 0.0014678093395290746
0.19999999999999993, 0.0014494410375259007
0.2099999999999999, 0.0013823022263730652
0.19999999999999993, 0.0014320152606225195
0.19999999999999993, 0.0014782419718471515
0.19999999999999993, 0.001464934709706193
0.19999999999999993, 0.0014334929317434168
0.19999999999999993, 0.0014659826615063026
0.19999999999999993, 0.001477725945221858
0.19999999999999993, 0.0014621789719522656
0.2099999999999999, 0.0014826829918894392
0.19999999999999993, 0.001430117847821191
0.19999999999999993, 0.001485256391407046
0.19999999999999993, 0.0014260593829044767
0.2099999999999999, 0.0014687092138837507
0.2099999999999999, 0.0014811200164564235
0.19999999999999993, 0.0014564798214653592
0.2099999999999999, 0.0015727382935246225
0.2099999999999999, 0.001430546285009191
0.2099999999999999, 0.0014749654163226317
0.19999999999999993, 0.0014445426845676817
0.2099999999999999, 0.001506612743001272
0.19999999999999993, 0.001481462353695342
0.19999999999999993, 0.0014669292451917125
0.19999999999999993, 0.0015115535110686131
0.2099999999999999, 0.0014740093670117308
data/dry_pvc_400_long/exp_50
0.2099999999999999, 0.00163606171128686
0.2099999999999999, 0.0017603568899054616
0.21999999999999992, 0.0018803231706087172
0.2099999999999999, 0.001323878359986934
0.18999999999999995, 0.0016499968380428974
0.17999999999999994, 0.0018123461357008488
0.2099999999999999, 0.0016814451314626341
0.2099999999999999, 0.0017772290027818906
0.21999999999999992, 0.00157340097919343
0.2099999999999999, 0.001274551109523468
0.18999999999999995, 0.0017808816172743063
0.13999999999999996, 0.0016906930416588696
0.2099999999999999, 0.0019080864730563584
0.19999999999999993, 0.0016846387282207866
0.19999999999999993, 0.0016663228671007166
0.17999999999999994, 0.0016894125231843404
0.13999999999999996, 0.0018980779104087664
0.2099999999999999, 0.0016105207235167852
0.2099999999999999, 0.0016835259144111926
0.19999999999999993, 0.0018029365366338595
0.14999999999999997, 0.0015942982136346333
0.11999999999999997, 0.001719563214425978
0.2099999999999999, 0.0016327746217629567
0.2099999999999999, 0.0018284605148975014
0.21999999999999992, 0.0017358218775192615
0.13999999999999996, 0.0017250734481238387
0.17999999999999994, 0.0016455628776147176
0.16999999999999993, 0.001745932445101078
0.19999999999999993, 0.0016487089066486104
0.21999999999999992, 0.0017153526120827324
0.15999999999999995, 0.0017193382295504376
0.14999999999999997, 0.001390185596377413
0.2099999999999999, 0.0017279811934847336
0.13999999999999996, 0.0018628680922940083
0.19999999999999993, 0.0016951123511896717
0.18999999999999995, 0.0019622711516511585
0.14999999999999997, 0.0017375949979380211
0.19999999999999993, 0.0012328000805067077
0.19999999999999993, 0.0017976880622228477
0.2099999999999999, 0.0016940653081568753
0.22999999999999993, 0.002282692840561521
0.21999999999999992, 0.0012519981979421586
0.19999999999999993, 0.0013547572343837171
0.17999999999999994, 0.0012198129059794293
0.18999999999999995, 0.001527637868626453
0.19999999999999993, 0.0016116165661848808
0.17999999999999994, 0.0017537399497584713
0.16999999999999993, 0.0016793893469768063
0.16999999999999993, 0.0016603917366999022
0.2099999999999999, 0.001697648050216468
data/dry_pvc_400_long/exp_500
0.19999999999999993, 0.0014517909263417317
0.19999999999999993, 0.0014948184933414727
0.2099999999999999, 0.0015521944519165149
0.2099999999999999, 0.0015732175882936163
0.19999999999999993, 0.001473193503315912
0.2099999999999999, 0.0014826939576446396
0.2099999999999999, 0.0014939410727145847
0.19999999999999993, 0.0015118105363574207
0.2099999999999999, 0.0014845744564073692
0.2099999999999999, 0.0015469171163825718
0.2099999999999999, 0.0015144691559711044
0.2099999999999999, 0.0015128062267742047
0.19999999999999993, 0.0015239151779706977
0.19999999999999993, 0.0015183320898487288
0.19999999999999993, 0.0015305150991626489
0.2099999999999999, 0.0014654957161143473
0.2099999999999999, 0.0015522105052768935
0.2099999999999999, 0.0014774009257369062
0.2099999999999999, 0.001505044828561764
0.2099999999999999, 0.0015434007089999006
0.2099999999999999, 0.0015037296200056229
0.19999999999999993, 0.0014777848241317839
0.2099999999999999, 0.001495518458017982
0.2099999999999999, 0.0014565515907490679
0.2099999999999999, 0.0014946931363712325
0.2099999999999999, 0.0015037682065181326
0.2099999999999999, 0.0014947681989043867
0.2099999999999999, 0.0014465339265612126
0.2099999999999999, 0.0015385714386195843
0.2099999999999999, 0.0015580324292528327
0.2099999999999999, 0.0015410237154341313
0.2099999999999999, 0.001562617156500505
0.2099999999999999, 0.0015050586017624345
0.2099999999999999, 0.0015121427075624704
0.19999999999999993, 0.0015625647643009591
0.2099999999999999, 0.0014862571557414102
0.2099999999999999, 0.0014920187771050974
0.19999999999999993, 0.0014937088052631188
0.2099999999999999, 0.0014917984476644458
0.2099999999999999, 0.0014814727259796657
0.2099999999999999, 0.0015432487879947676
0.2099999999999999, 0.0014689588026278386
0.2099999999999999, 0.001490082300034814
0.2099999999999999, 0.0015068541219767427
0.2099999999999999, 0.0014731113851429037
0.19999999999999993, 0.0015205391455145319
0.2099999999999999, 0.0015111886675097197
0.2099999999999999, 0.0014799371085749949
0.19999999999999993, 0.0015350501353540798
0.19999999999999993, 0.0014994682734018228
