data/wet_pvc_400/exp_100, r: 0.20520000000000005, std_dev: 0.022428116464903267, fps: 2.093671501432733
data/wet_pvc_400/exp_200, r: 0.21279999999999996, std_dev: 0.005360475154083921, fps: 1.644333719536878
data/wet_pvc_400/exp_300, r: 0.21599999999999991, std_dev: 0.005714285714285714, fps: 1.4726659548431043
data/wet_pvc_400/exp_400, r: 0.21220000000000003, std_dev: 0.005816935163286381, fps: 1.467743769268646
data/wet_pvc_400/exp_50, r: 0.20520000000000002, std_dev: 0.0315089880277138, fps: 3.943538711244542
data/wet_pvc_400/exp_500, r: 0.2099999999999999, std_dev: 0.0202030508910442, fps: 1.6351992890166664
data/wet_pvc_400/exp_100
0.2099999999999999, 0.0010239619451193381
0.19999999999999993, 0.0010882424533355027
0.2099999999999999, 0.0010145659426521582
0.2099999999999999, 0.0010948096128574403
0.2099999999999999, 0.0009950254808453356
0.2099999999999999, 0.001024321313363049
0.2099999999999999, 0.0010567118477830839
0.19999999999999993, 0.0010812693551631788
0.2099999999999999, 0.001049062842149816
0.19999999999999993, 0.0010741938722505179
0.06, 0.001056443753791614
0.2099999999999999, 0.0010644601304006138
0.18999999999999995, 0.0011155318978275674
0.21999999999999992, 0.001042760386188682
0.19999999999999993, 0.0010456471602031617
0.19999999999999993, 0.0010151498404959794
0.18999999999999995, 0.0010952276827237701
0.19999999999999993, 0.0011100876833263088
0.2099999999999999, 0.0010376976239994235
0.2099999999999999, 0.0010490108138090947
0.21999999999999992, 0.0010657131266740075
0.19999999999999993, 0.0011337839487007783
0.19999999999999993, 0.0010636918754828907
0.21999999999999992, 0.0010573755082226668
0.19999999999999993, 0.0009974449513724438
0.21999999999999992, 0.0010936245527368665
0.21999999999999992, 0.0011345278258398236
0.19999999999999993, 0.0010981591767859262
0.21999999999999992, 0.0011138570823697686
0.2099999999999999, 0.0010612951181622613
0.21999999999999992, 0.0010627904599868907
0.21999999999999992, 0.0010910975430556533
0.2099999999999999, 0.001103698621067658
0.19999999999999993, 0.000966257227961421
0.2099999999999999, 0.0010843241214615691
0.2099999999999999, 0.0010772391708279696
0.19999999999999993, 0.0010500713103267886
0.21999999999999992, 0.0009882745045995938
0.19999999999999993, 0.0011544600384861962
0.2099999999999999, 0.0009740980210317795
0.2099999999999999, 0.0011218296029544311
0.2099999999999999, 0.001090636773885165
0.2099999999999999, 0.001092653184247904
0.21999999999999992, 0.0010844197162335918
0.2099999999999999, 0.001073126695875226
0.19999999999999993, 0.001110856594380207
0.2099999999999999, 0.0010615547269989623
0.2099999999999999, 0.0010319186721790348
0.2099999999999999, 0.0010608822306208644
0.19999999999999993, 0.0010931943065460058
data/wet_pvc_400/exp_200
0.2099999999999999, 0.0010122346109037398
0.2099999999999999, 0.0009573530730109328
0.21999999999999992, 0.0010500221860117493
0.2099999999999999, 0.0010588006334651566
0.2099999999999999, 0.0009715976441147083
0.21999999999999992, 0.0010593276224016852
0.2099999999999999, 0.0010258695637656498
0.21999999999999992, 0.000997497786581828
0.21999999999999992, 0.0011313136399404308
0.2099999999999999, 0.00101359741720429
0.2099999999999999, 0.001095679435677508
0.21999999999999992, 0.001039008231263968
0.2099999999999999, 0.0010395177574673078
0.21999999999999992, 0.0010777699579493664
0.21999999999999992, 0.0010959921488479124
0.2099999999999999, 0.0010740648209572462
0.2099999999999999, 0.0011205958113990014
0.2099999999999999, 0.0010455777843981534
0.2099999999999999, 0.0009968717300232461
0.2099999999999999, 0.0011385616110462836
0.21999999999999992, 0.0010956143245839758
0.19999999999999993, 0.001127435067946625
0.2099999999999999, 0.0010708704381635307
0.2099999999999999, 0.0010327292509684355
0.21999999999999992, 0.001093138202344553
0.2099999999999999, 0.0010498117292461764
0.2099999999999999, 0.0010540424178415758
0.2099999999999999, 0.0010422045231109891
0.2099999999999999, 0.0010443103009597566
0.2099999999999999, 0.0010829859129672572
0.21999999999999992, 0.0010293007445319707
0.2099999999999999, 0.0011164433386611093
0.19999999999999993, 0.0011720729029914532
0.2099999999999999, 0.0011409485528964397
0.2099999999999999, 0.0011170389000681271
0.2099999999999999, 0.0010398516134361606
0.2099999999999999, 0.0010757061771076517
0.21999999999999992, 0.0010867966406678468
0.21999999999999992, 0.0010983539279938112
0.21999999999999992, 0.0009935972221220889
0.2099999999999999, 0.001022878675091824
0.21999999999999992, 0.00101687089743151
0.21999999999999992, 0.0010316884711947395
0.2099999999999999, 0.0010317653467155372
0.2099999999999999, 0.0010503659832416462
0.2099999999999999, 0.001068772149235389
0.2099999999999999, 0.0010648833862470454
0.2099999999999999, 0.0009699633175233273
0.21999999999999992, 0.0011008888273366913
0.2099999999999999, 0.0010600787400799633
data/wet_pvc_400/exp_300
0.2099999999999999, 0.0009804953892020277
0.2099999999999999, 0.0010339004652178874
0.2099999999999999, 0.00108474641623761
0.21999999999999992, 0.0011322356894789278
0.21999999999999992, 0.0010575651223238933
0.21999999999999992, 0.0010711591311366897
0.21999999999999992, 0.0010480462291008717
0.22999999999999993, 0.0011296016845383859
0.21999999999999992, 0.0010606639022402592
0.21999999999999992, 0.0010216494794305492
0.2099999999999999, 0.0010789231271810258
0.2099999999999999, 0.0010291292531780139
0.21999999999999992, 0.001099482125613132
0.21999999999999992, 0.0010411896207749428
0.2099999999999999, 0.0010434246615281348
0.19999999999999993, 0.0010860064178675104
0.21999999999999992, 0.0011170866766145662
0.21999999999999992, 0.0010164757012246124
0.2099999999999999, 0.0010799760106859739
0.2099999999999999, 0.0009262959502879918
0.21999999999999992, 0.0010232231934902258
0.21999999999999992, 0.000991526591175213
0.21999999999999992, 0.0011225053364764537
0.21999999999999992, 0.0010561461779154593
0.21999999999999992, 0.0010259264741238755
0.21999999999999992, 0.0010112581946649364
0.21999999999999992, 0.0010303220295131245
0.2099999999999999, 0.0010285041418439025
0.21999999999999992, 0.0010263726158261121
0.21999999999999992, 0.0010612712028812076
0.2099999999999999, 0.0010338587102026863
0.2099999999999999, 0.0009950005473821372
0.21999999999999992, 0.00107901002827572
0.21999999999999992, 0.0010694246475309976
0.2099999999999999, 0.0009856243344714027
0.2099999999999999, 0.0010175046784358013
0.21999999999999992, 0.0010740110227837624
0.2099999999999999, 0.000982059978746856
0.2099999999999999, 0.0010908951799501654
0.21999999999999992, 0.0010140143886738391
0.21999999999999992, 0.0010243729097643359
0.2099999999999999, 0.0009599091075715608
0.2099999999999999, 0.0009864397625142698
0.21999999999999992, 0.0010595648926842401
0.2099999999999999, 0.0010649832760065204
0.21999999999999992, 0.0010210319457220152
0.21999999999999992, 0.0010678440273542155
0.21999999999999992, 0.0010656983822933596
0.21999999999999992, 0.0011154342440897586
0.2099999999999999, 0.0010703716762505027
data/wet_pvc_400/exp_400
0.2099999999999999, 0.0010739960094843044
0.2099999999999999, 0.0009681627388710354
0.2099999999999999, 0.0010494242771492657
0.19999999999999993, 0.001048983684654453
0.2099999999999999, 0.0009843799870034296
0.21999999999999992, 0.00095001564077638
0.21999999999999992, 0.0010631995562301506
0.2099999999999999, 0.0009874594255489125
0.21999999999999992, 0.0009427668737871632
0.2099999999999999, 0.0009973688101487593
0.21999999999999992, 0.000984315035718479
0.21999999999999992, 0.0010692868319826367
0.19999999999999993, 0.0010405150401500533
0.2099999999999999, 0.0010099116646257542
0.2099999999999999, 0.0009253210194472558
0.21999999999999992, 0.0009747498834996011
0.2099999999999999, 0.0010684716838183833
0.2099999999999999, 0.0010677674149995918
0.19999999999999993, 0.0010449984193350006
0.21999999999999992, 0.0010424626474365981
0.2099999999999999, 0.001045748917628635
0.2099999999999999, 0.0010071968610027928
0.21999999999999992, 0.0009982280840117104
0.2099999999999999, 0.0010727747372176004
0.2099999999999999, 0.0010549128288436138
0.21999999999999992, 0.0010248171038898118
0.2099999999999999, 0.0010138345845944854
0.2099999999999999, 0.0010437230790493527
0.21999999999999992, 0.0009667438538789696
0.21999999999999992, 0.001089422192472615
0.19999999999999993, 0.001012898572442584
0.2099999999999999, 0.0009474520987483361
0.2099999999999999, 0.0009596222143222884
0.21999999999999992, 0.000978831437301272
0.2099999999999999, 0.0010080044777146327
0.2099999999999999, 0.0009818020143568754
0.2099999999999999, 0.001043234157460924
0.2099999999999999, 0.0009637211556524166
0.2099999999999999, 0.0009919397485781277
0.2099999999999999, 0.000999767445751004
0.21999999999999992, 0.0010477307004981627
0.2099999999999999, 0.0010130297023663542
0.2099999999999999, 0.0010439920632754776
0.2099999999999999, 0.001076807105984625
0.21999999999999992, 0.0009524563622845719
0.21999999999999992, 0.0010204689642361617
0.2099999999999999, 0.0010168085203548648
0.2099999999999999, 0.0010094777988653599
0.2099999999999999, 0.001022626907980643
0.2099999999999999, 0.000932650812281968
data/wet_pvc_400/exp_50
0.2099999999999999, 0.0011164851245545812
0.2099999999999999, 0.0011704385845808722
0.19999999999999993, 0.0011184033435853538
0.21999999999999992, 0.0011870496487559775
0.19999999999999993, 0.0011190246717049934
0.2099999999999999, 0.0010889840687361375
0.21999999999999992, 0.0011762507237949994
0.19999999999999993, 0.0011587268351655618
0.2399999999999999, 0.0012243955299442303
0.2099999999999999, 0.0011597736150955728
0.21999999999999992, 0.0011595521026806093
0.2099999999999999, 0.0010120407507875325
0.2099999999999999, 0.001201459642706852
0.2099999999999999, 0.0012276932895586138
0.2099999999999999, 0.0011132306472628837
0.19999999999999993, 0.0011288181889606893
0.2099999999999999, 0.0011359564116075124
0.21999999999999992, 0.0011877037533607215
0.21999999999999992, 0.001153543528951275
0.18999999999999995, 0.0011965860653940523
0.21999999999999992, 0.00123637731615932
0.21999999999999992, 0.0011469307074781592
0.2099999999999999, 0.0010629873018544972
0.22999999999999993, 0.0011488262069197653
0.2099999999999999, 0.001188040492275732
0.21999999999999992, 0.001156950586293878
0.19999999999999993, 0.0010795462518870338
0.2099999999999999, 0.0010913556917905905
0.06, 0.0010214692453329732
0.2099999999999999, 0.0012175982796655564
0.2099999999999999, 0.0012183832117301152
0.19999999999999993, 0.001193164643879212
0.19999999999999993, 0.0010890531020711278
0.2099999999999999, 0.0011078282302586341
0.2099999999999999, 0.0012340624486752
0.22999999999999993, 0.0011637581440554045
0.19999999999999993, 0.0011231179682975121
0.2099999999999999, 0.001111711746299766
0.2099999999999999, 0.0011796562475053659
0.06, 0.0011816421518230456
0.18999999999999995, 0.0012142762350819166
0.2099999999999999, 0.0011235097066036996
0.2099999999999999, 0.001139756292172542
0.22999999999999993, 0.0011527557942571272
0.21999999999999992, 0.001143771173226556
0.2099999999999999, 0.0011635595938811374
0.21999999999999992, 0.0011091928542855984
0.19999999999999993, 0.0011578685593288294
0.2099999999999999, 0.0011004238135746706
0.2099999999999999, 0.0011170678803772013
data/wet_pvc_400/exp_500
0.21999999999999992, 0.0010728770151604854
0.2099999999999999, 0.0010324070964443054
0.2099999999999999, 0.0011029638557965172
0.21999999999999992, 0.0010971712767437847
0.2099999999999999, 0.0010506294005268348
0.2099999999999999, 0.0010614395343140773
0.2099999999999999, 0.0010733534282721207
0.2099999999999999, 0.0010917740349080723
0.2099999999999999, 0.0010557883270696643
0.2099999999999999, 0.0010616268294268774
0.21999999999999992, 0.0010261165049735522
0.21999999999999992, 0.0009672127491024922
0.2099999999999999, 0.0010307557019171181
0.21999999999999992, 0.0010919039690159328
0.2099999999999999, 0.001013722377000061
0.2099999999999999, 0.0010244494896429687
0.2099999999999999, 0.0010314273110256828
0.2099999999999999, 0.0010842083928593706
0.2099999999999999, 0.0010622182431213173
0.21999999999999992, 0.0010633268134332418
0.21999999999999992, 0.0010418054574445935
0.21999999999999992, 0.0010057970692178397
0.2099999999999999, 0.0009699085826268286
0.21999999999999992, 0.001129538516178768
0.19999999999999993, 0.0011271317620167394
0.2099999999999999, 0.001024642920217717
0.2099999999999999, 0.0010953218601195951
0.08999999999999998, 0.0009658058413229495
0.2099999999999999, 0.0009995470130934846
0.21999999999999992, 0.0011451983562466973
0.21999999999999992, 0.001096528119644881
0.2099999999999999, 0.0010809680883786732
0.2099999999999999, 0.001016680458428891
0.2099999999999999, 0.0010519335267543694
0.2099999999999999, 0.0011338174748573722
0.21999999999999992, 0.0010885748693215175
0.14999999999999997, 0.0011068098527799231
0.21999999999999992, 0.0010123285536175308
0.21999999999999992, 0.001124494261826093
0.21999999999999992, 0.001041652849232544
0.2099999999999999, 0.0010873170468993986
0.2099999999999999, 0.0011092103963297201
0.21999999999999992, 0.0010372935459091249
0.2099999999999999, 0.0011148373762094258
0.21999999999999992, 0.0010236281503241513
0.2099999999999999, 0.0010728629793154015
0.2099999999999999, 0.001053972842850717
0.21999999999999992, 0.0010628296721435229
0.21999999999999992, 0.0010764416933084365
0.2099999999999999, 0.0009984550700635271
