data/Sand_1/fps10_exp_1000, r: 0.1091999999999999, std_dev: 0.002740475156178695, fps: 0.9416079735780156
data/Sand_1/fps45_exp_100, r: 0.09980000000000004, std_dev: 0.0014142135623730948, fps: 0.7778051838111582
data/Sand_1/fps45_exp_50, r: 0.09640000000000003, std_dev: 0.004848732213850609, fps: 1.0235779989826947
data/Sand_1/fps45_exp_500, r: 0.10959999999999988, std_dev: 0.001979486637221574, fps: 0.6785517692605344
data/Sand_1/fps10_exp_1000
0.10999999999999997, 0.0004711687470526786
0.10999999999999997, 0.0004973721229661214
0.10999999999999997, 0.0004936600377933243
0.10999999999999997, 0.0004864368396066058
0.10999999999999997, 0.0004960354143458585
0.10999999999999997, 0.000492767174260609
0.10999999999999997, 0.0004932036946812712
0.10999999999999997, 0.0005045647014478381
0.10999999999999997, 0.0004949571743616487
0.10999999999999997, 0.00048753230572237644
0.10999999999999997, 0.0004920665625772551
0.10999999999999997, 0.0004914872072018383
0.10999999999999997, 0.0004935870604372385
0.10999999999999997, 0.0004996350141231185
0.10999999999999997, 0.0004867362308323617
0.10999999999999997, 0.0004948259624585709
0.10999999999999997, 0.00048614895879133744
0.10999999999999997, 0.000501866811023449
0.10999999999999997, 0.0004966528335717344
0.10999999999999997, 0.0004975609935944822
0.10999999999999997, 0.0004956495573607329
0.10999999999999997, 0.0004940540499572004
0.10999999999999997, 0.0004940319740086549
0.10999999999999997, 0.0005028014416858942
0.10999999999999997, 0.0005008533350301139
0.10999999999999997, 0.0004950912057632252
0.10999999999999997, 0.0005016574504102146
0.10999999999999997, 0.0004920779318701608
0.10999999999999997, 0.0004985124660686164
0.10999999999999997, 0.0004950622187368295
0.10999999999999997, 0.0004917070993863102
0.10999999999999997, 0.0004920686566854206
0.09999999999999998, 0.0005023788683499044
0.10999999999999997, 0.0004950342715499866
0.10999999999999997, 0.0004956180820129729
0.09999999999999998, 0.0004950004799026389
0.10999999999999997, 0.0004893152645994363
0.10999999999999997, 0.0004955794588236756
0.10999999999999997, 0.0004950576713660437
0.09999999999999998, 0.0004956024854981875
0.10999999999999997, 0.0004922283913763459
0.10999999999999997, 0.0004919481237313367
0.10999999999999997, 0.0004911371728735773
0.10999999999999997, 0.0004923971233975953
0.09999999999999998, 0.0004946074605911169
0.10999999999999997, 0.0004996564014828288
0.10999999999999997, 0.0005007085820913189
0.10999999999999997, 0.0004965459343961886
0.10999999999999997, 0.0004929159787957596
0.10999999999999997, 0.0004985902577292055
data/Sand_1/fps45_exp_100
0.09999999999999998, 0.00043859085744541826
0.09999999999999998, 0.00041248435899588225
0.09999999999999998, 0.0004199048666096337
0.09999999999999998, 0.0005110312465067077
0.09999999999999998, 0.00042159238218290326
0.09999999999999998, 0.0005028238775474164
0.09999999999999998, 0.0004984147609600226
0.09999999999999998, 0.0004185991228133104
0.09999999999999998, 0.0005063628992277182
0.09999999999999998, 0.0004838303581166392
0.09999999999999998, 0.00042303843773499185
0.09999999999999998, 0.000495215867846543
0.09999999999999998, 0.000517610877568414
0.09999999999999998, 0.0005276296533120925
0.09999999999999998, 0.0004916943233710382
0.09999999999999998, 0.0004259716611047195
0.09999999999999998, 0.0005172757719323376
0.09999999999999998, 0.00041530730800061716
0.09999999999999998, 0.0004954751650375085
0.09999999999999998, 0.0004027956461824474
0.09999999999999998, 0.0004154174580339455
0.09999999999999998, 0.00046024216299625823
0.09999999999999998, 0.0004296679118501242
0.09999999999999998, 0.0005078939126960169
0.09999999999999998, 0.0005075506049972377
0.09999999999999998, 0.0005102340152371758
0.09999999999999998, 0.00043347341374088154
0.09999999999999998, 0.0005039749719711168
0.09999999999999998, 0.000505254977105182
0.09999999999999998, 0.0004888925249169629
0.09999999999999998, 0.00042901144916991006
0.09999999999999998, 0.0004973611695238997
0.09999999999999998, 0.00042916289368912365
0.09999999999999998, 0.00043214283995300304
0.08999999999999998, 0.0005220694460779723
0.09999999999999998, 0.0005019379475329698
0.09999999999999998, 0.0004316070578365258
0.09999999999999998, 0.0004327494004229415
0.09999999999999998, 0.0004229298396628213
0.09999999999999998, 0.00042107764949199015
0.09999999999999998, 0.0005097182456659946
0.09999999999999998, 0.000490189698893219
0.09999999999999998, 0.0005148836029782649
0.09999999999999998, 0.0004213873401662181
0.09999999999999998, 0.0004867380137285524
0.09999999999999998, 0.0005012733878754569
0.09999999999999998, 0.00042827892120618206
0.09999999999999998, 0.0005241605140146688
0.09999999999999998, 0.0005143565797795321
0.09999999999999998, 0.00040181778055663447
data/Sand_1/fps45_exp_50
0.08999999999999998, 0.0005414377335807953
0.09999999999999998, 0.000572932407946681
0.08999999999999998, 0.0005433008634998025
0.08999999999999998, 0.0005339120890590311
0.08999999999999998, 0.0005954662482952821
0.09999999999999998, 0.0006140545386803138
0.09999999999999998, 0.0005942729172853357
0.09999999999999998, 0.00058158200497946
0.08999999999999998, 0.0005661978443698407
0.09999999999999998, 0.0005730776956933379
0.09999999999999998, 0.0005523227965956328
0.09999999999999998, 0.0005794526448027788
0.08999999999999998, 0.0005571022369834786
0.09999999999999998, 0.0005884562092380294
0.09999999999999998, 0.0006008537528937813
0.09999999999999998, 0.0005548516679586265
0.08999999999999998, 0.0006080875796181769
0.09999999999999998, 0.0005471205390215058
0.08999999999999998, 0.0005488753533523184
0.09999999999999998, 0.0005997408964696487
0.08999999999999998, 0.0005904555602958288
0.09999999999999998, 0.0005333580844009442
0.09999999999999998, 0.0005773036435650498
0.08999999999999998, 0.0005865336893144518
0.09999999999999998, 0.0005463606923907522
0.08999999999999998, 0.0006164805017740254
0.09999999999999998, 0.0005651302921879536
0.09999999999999998, 0.0005934907123492355
0.09999999999999998, 0.0005892443617839402
0.09999999999999998, 0.0005892118990446242
0.08999999999999998, 0.0006096050097724938
0.09999999999999998, 0.0005323298392124164
0.08999999999999998, 0.0005191334407611787
0.09999999999999998, 0.0005835667364914262
0.09999999999999998, 0.0005653982159020594
0.09999999999999998, 0.0005726351368514555
0.09999999999999998, 0.0005794039940471027
0.08999999999999998, 0.0005961577125888184
0.08999999999999998, 0.0006050912669178344
0.09999999999999998, 0.000550598300874262
0.08999999999999998, 0.0005519168512428884
0.08999999999999998, 0.0005716108575610423
0.09999999999999998, 0.0005664551009618872
0.09999999999999998, 0.000568930733409254
0.09999999999999998, 0.0005678672777384521
0.09999999999999998, 0.0005627588423912849
0.09999999999999998, 0.0005835668792432079
0.09999999999999998, 0.0005996014837332116
0.09999999999999998, 0.0005851593316459511
0.08999999999999998, 0.0005558202855675556
data/Sand_1/fps45_exp_500
0.09999999999999998, 0.0004197637967211346
0.10999999999999997, 0.00046510349827316846
0.10999999999999997, 0.00047609909061542246
0.10999999999999997, 0.00046834027926146674
0.10999999999999997, 0.00047531326839615366
0.10999999999999997, 0.00047407696899940364
0.10999999999999997, 0.0004714983654383498
0.10999999999999997, 0.00047205788924491686
0.10999999999999997, 0.00047237865086954714
0.10999999999999997, 0.0004653665043309905
0.10999999999999997, 0.00046672907256938435
0.10999999999999997, 0.00047616145320569504
0.10999999999999997, 0.000470752328090655
0.10999999999999997, 0.0004781072210650813
0.10999999999999997, 0.00047270878973537363
0.10999999999999997, 0.0004782267488595662
0.10999999999999997, 0.00046748946313480467
0.10999999999999997, 0.00047193639294880934
0.10999999999999997, 0.000475339885936659
0.10999999999999997, 0.00046924132922869223
0.10999999999999997, 0.0004774857822361346
0.10999999999999997, 0.00047092729419918406
0.10999999999999997, 0.0004621339737416445
0.10999999999999997, 0.00047174195602794786
0.10999999999999997, 0.0004682201754919973
0.10999999999999997, 0.00047634571486977815
0.10999999999999997, 0.0004714651744915691
0.10999999999999997, 0.0004766852023521698
0.10999999999999997, 0.0004732813393322493
0.10999999999999997, 0.0004730439737883549
0.10999999999999997, 0.00046891336844491824
0.10999999999999997, 0.0004693537540772995
0.10999999999999997, 0.0004686409622584198
0.10999999999999997, 0.00046673092139988206
0.10999999999999997, 0.0004680709227551314
0.10999999999999997, 0.0004678197325908353
0.10999999999999997, 0.0004650175820164346
0.10999999999999997, 0.00046362012310876974
0.10999999999999997, 0.0004658111214275435
0.10999999999999997, 0.0004687011156747424
0.10999999999999997, 0.00047755651590249474
0.10999999999999997, 0.00047337826707923947
0.10999999999999997, 0.0004829445702470063
0.10999999999999997, 0.0004767462267527292
0.10999999999999997, 0.00046226850772067486
0.10999999999999997, 0.0004669074681831001
0.09999999999999998, 0.00047310461086853595
0.10999999999999997, 0.0004548575483424795
0.10999999999999997, 0.0004621881125023307
0.10999999999999997, 0.0004708098670197937
