pipes_ply\dry_pvc_500\exp_100, r: 0.2690323321492355, std_dev: 0.0007361468543327083, fps: 0.004015696038666848
0.26923502535790467, 4.714896820980489e-06
0.26851362500128917, 8.339150953450382e-06
0.26993407073922454, 6.325371029328596e-06
0.2692847478368165, 8.150549506066814e-06
0.26922726519656176, 7.821997385356261e-06
0.26595309524213856, 7.49949452313166e-06
0.26867867986441046, 7.247465211652478e-06
0.2704417873549219, 5.7920283233072105e-06
0.26875474380171444, 7.421552679088485e-06
0.2680308843003316, 7.952977827254456e-06
0.26948382212343225, 6.661555165821657e-06
0.26906641422672695, 6.796376800687927e-06
0.26930631388981674, 6.9187868884854376e-06
0.26934789393911424, 6.8847718724468736e-06
0.268356957962564, 6.143192764157148e-06
0.2698092171154603, 7.012927540649464e-06
0.2689632095089112, 6.861956625032747e-06
0.2681581962228808, 5.774759984201265e-06
0.26834011215633913, 6.801884131817099e-06
0.26918318327402146, 6.428019195088706e-06
0.26883127717583954, 7.91824741363407e-06
0.2707500621307763, 7.699019021820765e-06
0.2693943894176909, 7.323525295193303e-06
0.26926645630603774, 8.23796675423615e-06
0.2696684115352901, 6.787130282849652e-06
0.2697156852447077, 7.560333560662044e-06
0.2684531148790971, 6.7434524541757835e-06
0.26817389973552924, 7.622736775908528e-06
0.26938022710879433, 5.629413985159676e-06
0.2690936437377462, 8.351550245622436e-06
0.2685431325491948, 7.2315112315083865e-06
0.26952629401249656, 7.310158874363777e-06
0.26894128487403623, 5.734282847025691e-06
0.26854598106077776, 6.477957889989574e-06
0.2688721713734035, 5.39692097845673e-06
0.268223788664612, 7.381272288196179e-06
0.26996765091244485, 7.5210063948655455e-06
0.2688338030421897, 4.487183832605066e-06
0.26869984272798825, 8.514858588959773e-06
0.26892400620992785, 7.603358104687944e-06
0.2685268344169583, 8.014058398136312e-06
0.2692487204229474, 7.302021374987752e-06
0.26938470388627733, 6.184332504784298e-06
0.26908458614073, 6.6861206036734375e-06
0.2696698256413558, 6.367125644211613e-06
0.2689687876246527, 7.750155604536887e-06
0.27008499609212444, 6.994555367423171e-06
0.26852741815904146, 5.982577546428288e-06
0.26925793323302993, 7.346752662672998e-06
0.26898843403149403, 4.445153834396347e-06

pipes_ply\dry_pvc_500\exp_200, r: 0.2688233770956313, std_dev: 0.0003688492680119617, fps: 0.0025628454141701108
0.26874277327517726, 7.4717004634672704e-06
0.26852845061713876, 7.0690639846822075e-06
0.26852252701630835, 6.561396554832678e-06
0.2687052647261368, 5.5773089764486025e-06
0.2685406278438628, 6.547359617729316e-06
0.26843983195211646, 6.9144297107699375e-06
0.26869601494295836, 7.55761941551108e-06
0.26877078829594686, 6.641452521723846e-06
0.2687657728651251, 6.2662101860476445e-06
0.26973845904740296, 6.692264860555457e-06
0.2688401392684801, 6.821646480946055e-06
0.26853984219446797, 5.968978161781032e-06
0.268900680211965, 5.2686105441976975e-06
0.2690658919602147, 6.812264212051865e-06
0.2689437485800219, 7.168453766162468e-06
0.26939866448388355, 4.698330934637101e-06
0.26932013043469555, 5.808475041518116e-06
0.26875233476594645, 6.122768746694767e-06
0.26759185294938903, 7.880874213757919e-06
0.26844277940664035, 6.797584641943294e-06
0.26851409782031227, 7.005880101945003e-06
0.2691387935162955, 6.899489745110884e-06
0.26917001271109775, 6.370096279974779e-06
0.2689896061665679, 7.227851180511503e-06
0.26874878821914827, 7.638783514853994e-06
0.2688770393103849, 6.508354764569946e-06
0.26848730534671955, 7.318105950709132e-06
0.26988557419071735, 7.0647691322899774e-06
0.2685907498866225, 6.51064391238974e-06
0.26850527688119297, 5.003097292337718e-06
0.26905839683494587, 4.837997148877319e-06
0.26848841573627447, 7.347515110270875e-06
0.26892220654427607, 5.852525913898118e-06
0.2686619030429085, 4.4717241266119664e-06
0.26869626848866723, 6.806747321802973e-06
0.2686465591158705, 7.438756849172839e-06
0.26880892111244614, 7.713184251466024e-06
0.2688388757909335, 7.488175955321713e-06
0.2692631198025538, 5.571329348214413e-06
0.2687606189451414, 7.073961099941261e-06
0.2686590442630568, 6.162787989444879e-06
0.2687295514909892, 7.070151762916171e-06
0.2688336039154122, 6.539578253598467e-06
0.26954610338591906, 4.902697132187152e-06
0.268861394290946, 6.088958958269754e-06
0.2686799200437306, 7.373308223607393e-06
0.26857726198558873, 6.852267975290087e-06
0.26911395050544495, 6.693112251013676e-06
0.26880946999309074, 7.166824389348732e-06
0.2690594506064308, 6.404022509577556e-06

pipes_ply\dry_pvc_500\exp_300, r: 0.2688017663471127, std_dev: 0.00027008719413023935, fps: 0.0025124912364776764
0.2686161322979926, 6.813396414567208e-06
0.26896516794170344, 5.596968767024357e-06
0.2687372486493611, 6.7425134644605665e-06
0.26861761312890836, 6.150482438839835e-06
0.26885762396868995, 7.363827347613874e-06
0.2684495837261575, 6.801332407656052e-06
0.268829673237823, 6.680213846924223e-06
0.26949982246053505, 6.590491693644429e-06
0.26936433378743807, 6.120265917496205e-06
0.26867119183191807, 6.61538817036685e-06
0.26893846089514317, 5.572278402405887e-06
0.26863683504864727, 7.185716997458384e-06
0.26858993858001384, 7.035503268984422e-06
0.2687168740506405, 4.302955634644488e-06
0.2688248331842324, 6.546031460264336e-06
0.26815210343535933, 8.08569492869187e-06
0.26893390649867677, 6.430097656186692e-06
0.26873387837575574, 6.276561223895539e-06
0.2690405317509193, 5.459697200364719e-06
0.2686904839743342, 6.832974746124843e-06
0.269760226503328, 6.504505868325039e-06
0.26903622789568943, 5.3912035618999546e-06
0.26897671172886034, 6.782342339163419e-06
0.26874586954242297, 5.285764897565658e-06
0.2688571664930443, 6.9108797736831824e-06
0.26874068396792705, 6.450417521690017e-06
0.26875668701026023, 6.521405604095737e-06
0.2687280017740227, 6.67534970616684e-06
0.2689786663316069, 6.702183657701943e-06
0.26881762182705915, 6.244592264388827e-06
0.2686046778857776, 6.835479343098451e-06
0.26862263740747994, 6.821096091576682e-06
0.26866158766763365, 7.182410276710305e-06
0.2682473069163363, 7.974082711930075e-06
0.2688901141566724, 6.496905470709638e-06
0.26862064832144295, 6.722191872175552e-06
0.268885059173097, 6.4324440076736916e-06
0.26862293614087307, 5.530097438225953e-06
0.2684102103697606, 7.103949181944561e-06
0.26884349129916435, 3.89273899197868e-06
0.2685932379225835, 7.360383110845546e-06
0.26892571671284304, 6.746152098634518e-06
0.26887622036868924, 6.411700756245246e-06
0.2687963029934179, 6.305193803412926e-06
0.2688166384874186, 7.20820378187509e-06
0.26861179476316777, 6.264184306019014e-06
0.26880026150782843, 7.185678136028433e-06
0.2689358105445807, 7.131229993378866e-06
0.26897517775121227, 6.025703235171444e-06
0.2690843870671897, 6.006951892966214e-06

pipes_ply\dry_pvc_500\exp_400, r: 0.2687409803796697, std_dev: 0.00011909312286342276, fps: 0.002389180844359069
0.26878072838198735, 5.8335173885002815e-06
0.26876484804367184, 6.904577764377415e-06
0.26883599632981175, 6.412221954076909e-06
0.2688807610970442, 7.0457483005759075e-06
0.2687506526198884, 5.9634079725681245e-06
0.26888254166818026, 6.302455610479859e-06
0.2686290404484568, 6.612321377441225e-06
0.2688721371325623, 5.971305408783339e-06
0.2689507771206216, 6.659000334492998e-06
0.268662080236312, 6.98004843833568e-06
0.26875834279874034, 6.324216829032179e-06
0.2686152953661339, 6.653504636271577e-06
0.268728508083905, 6.2442842308621434e-06
0.2686379331662589, 6.66213371356735e-06
0.268875543322484, 5.746380227514104e-06
0.26863189225053286, 6.5949888297880096e-06
0.2686907469438789, 6.642022123266192e-06
0.26849622792394306, 6.949999295071272e-06
0.26852200415174193, 6.489152041766536e-06
0.268709709044393, 6.437222045894315e-06
0.2686654452966266, 6.186650170819735e-06
0.2688612756300223, 5.547599937348655e-06
0.26883632059581203, 7.3924119955377754e-06
0.26888365187820906, 6.44967254756308e-06
0.2686967035439032, 6.452530731256417e-06
0.2686668848421525, 5.935591189887434e-06
0.2687083175848807, 6.44390888936949e-06
0.2689575253568806, 5.617218993729108e-06
0.26886098289234317, 6.785048688731903e-06
0.26871532469615134, 6.055320526065961e-06
0.26877472836002436, 6.210149186573324e-06
0.2688354887580094, 4.116458545246706e-06
0.26864137453070613, 6.1294248995615e-06
0.2686278561995878, 6.2485542983828265e-06
0.26880611567903195, 6.137420266605912e-06
0.26874949955003474, 5.4710787453871e-06
0.268883885710806, 6.528537587223617e-06
0.26871793819463763, 6.545449188612858e-06
0.26854968750720104, 6.766057816637919e-06
0.2688353556530042, 6.752041965678547e-06
0.26860575338802967, 6.941219259457407e-06
0.2688951224327161, 5.934573642510017e-06
0.26872817642382096, 6.305694998321237e-06
0.2685634801128566, 6.998896021806167e-06
0.26853943983673556, 4.306626930161057e-06
0.2687544010995724, 6.95839228397805e-06
0.26868238159755337, 6.163832456714754e-06
0.26871636267240523, 6.495852226411141e-06
0.26895693560585604, 6.508966664551653e-06
0.2686568372233612, 5.950342391484239e-06

pipes_ply\dry_pvc_500\exp_50, r: 0.2697347789417792, std_dev: 0.0022318088224097354, fps: 0.02332329393807416
0.27051824377623973, 7.330997984602136e-06
0.2727149375957526, 8.036826862242827e-06
0.2706766847671761, 7.818989181744111e-06
0.2717389862258743, 7.66346320624886e-06
0.269433171674512, 6.898025584654213e-06
0.2687182891817411, 6.022135735254786e-06
0.27019321611320807, 7.975205661829456e-06
0.27136259767852794, 6.756830824258689e-06
0.27067065070385654, 7.448718840370988e-06
0.26883023281333074, 8.517339463375299e-06
0.26977730141614775, 5.730441494043044e-06
0.2698144221272199, 7.3188623579634475e-06
0.2705062317631185, 7.75857365344485e-06
0.27248154214425047, 8.132687516720308e-06
0.2711598467384626, 8.858209104851184e-06
0.27023025122609134, 6.695400101033844e-06
0.26929112907811265, 8.303402153538841e-06
0.2707753879845647, 8.348723551209248e-06
0.270778307618455, 6.831053085688064e-06
0.2713200557342262, 8.889775582656831e-06
0.27022720875244005, 7.803452238976403e-06
0.2719503712962826, 7.115267882528408e-06
0.27160507003996265, 7.078326574969974e-06
0.2710183857278424, 7.605843906491151e-06
0.2697052359606383, 8.633249288385204e-06
0.2660286009243, 8.039578235174005e-06
0.2701577081805997, 8.073448993236502e-06
0.2689580800152129, 7.640644475640485e-06
0.27137512594366375, 7.200471871184366e-06
0.2685223213460121, 8.482824886091649e-06
0.27123091420705175, 7.4002881382211926e-06
0.2704014146961611, 7.826649615054888e-06
0.26793384893773814, 6.829296156163325e-06
0.2716487200865278, 7.478228364461409e-06
0.26824449133694456, 7.261768735964894e-06
0.2702556166612357, 7.441951538679628e-06
0.2701847462938983, 8.250717221461354e-06
0.26891904172703274, 6.840120098954966e-06
0.2722170956555467, 9.301065168360928e-06
0.2693348971417299, 7.823155571574597e-06
0.2713029431231179, 7.417779891155652e-06
0.26651541408464097, 9.232516957025914e-06
0.2684982626681299, 7.733173570355536e-06
0.26656921718675286, 7.5059251618838015e-06
0.2700650108836041, 7.98582892363218e-06
0.2703808002058254, 7.350034820088913e-06
0.26966430109279776, 7.061432553043789e-06
0.2588270132794277, 5.153929869562254e-06
0.2679041779384339, 6.43000661256269e-06
0.2661014253345392, 7.314674397339386e-06

pipes_ply\dry_pvc_500\exp_500, r: 0.2687353069194475, std_dev: 0.00013006340578957352, fps: 0.002628444557668023
0.2691683477480579, 5.709863611703143e-06
0.2684792873271885, 6.069910397409218e-06
0.2687846440989234, 5.7620543769879334e-06
0.26875089708963457, 6.596389730198229e-06
0.2688682076152971, 5.216785733493533e-06
0.26850222761692405, 5.960602046502304e-06
0.2687924714105739, 5.865305675250254e-06
0.26875127995660414, 7.1436521346659704e-06
0.2687104595623804, 4.1970798050528865e-06
0.2687784545259928, 6.102216480264318e-06
0.2685750775599189, 5.745172365386226e-06
0.26854393446087704, 6.459937676908982e-06
0.26893735634765525, 6.457263357056913e-06
0.26889588259875813, 5.453729605003622e-06
0.26899543278006477, 5.794804459324758e-06
0.2687077398138634, 6.264164838111574e-06
0.2687438297626104, 6.734749501725844e-06
0.26874784840470894, 6.312934783370671e-06
0.2686413782131991, 6.2378300356314084e-06
0.26882933452289076, 6.004526046992194e-06
0.2687590555825226, 5.407688167759727e-06
0.2687411413010568, 6.666875356365971e-06
0.2685874980110353, 6.019860402407159e-06
0.26893253387422605, 5.647361353358452e-06
0.26858783476395, 6.099013154059787e-06
0.2688178741653939, 5.667104357773076e-06
0.26865890801824527, 5.948817748190895e-06
0.26874442934866116, 6.445751130471562e-06
0.2686654644986525, 6.327271613149589e-06
0.2687958522144344, 5.262762155552141e-06
0.26868555321890086, 6.235471899687841e-06
0.2686741450717348, 6.276502251537367e-06
0.2688241232846427, 6.318359686340299e-06
0.2686907856625056, 6.469364925791457e-06
0.2687845870166133, 5.937513729375527e-06
0.26862406798029054, 6.321693465081747e-06
0.268789556409281, 5.5066230817979145e-06
0.268630282119323, 6.134626641046928e-06
0.26888356817270925, 5.811396879598749e-06
0.26851459285747437, 5.032826775659934e-06
0.26871047767418466, 6.562627083395307e-06
0.2687134099168708, 6.081974662736035e-06
0.2688344718397482, 6.192305341456459e-06
0.26866061405215835, 6.329091250857455e-06
0.26882177466298857, 6.515287142276033e-06
0.268627817622966, 5.591897599084477e-06
0.2686669414235308, 6.572003274391269e-06
0.26862725608862914, 6.685318661114518e-06
0.26869217720707944, 6.429774384649664e-06
0.2688144604964413, 6.27483936190015e-06

