data/dry_pvc_400_long_left/exp_100, r: 0.20199999999999996, std_dev: 0.01106566670344976, fps: 1.0823460406997438
data/dry_pvc_400_long_left/exp_200, r: 0.19740000000000005, std_dev: 0.00694291593155593, fps: 0.5580497905004878
data/dry_pvc_400_long_left/exp_300, r: 0.19980000000000006, std_dev: 0.003774241375320835, fps: 0.4832580682912556
data/dry_pvc_400_long_left/exp_400, r: 0.20040000000000008, std_dev: 0.0040203563655629455, fps: 0.43995532979187063
data/dry_pvc_400_long_left/exp_50, r: 0.20159999999999992, std_dev: 0.021030589965231928, fps: 1.5198489114430906
data/dry_pvc_400_long_left/exp_500, r: 0.20080000000000006, std_dev: 0.003404678653660856, fps: 0.4247513656964177
data/dry_pvc_400_long_left/exp_100
0.18999999999999995, 0.002509789015464259
0.20999999999999996, 0.002366977285485715
0.19999999999999996, 0.0023971472166240317
0.17999999999999997, 0.002514439310167657
0.19999999999999996, 0.0021747427442252508
0.21999999999999995, 0.002287618314035684
0.18999999999999995, 0.0023411372380952034
0.19999999999999996, 0.0021817283684938188
0.20999999999999996, 0.0022025264665158665
0.18999999999999995, 0.002401189831959467
0.17999999999999997, 0.0024166449107629697
0.19999999999999996, 0.0022740518767954787
0.19999999999999996, 0.0023857336588392025
0.17999999999999997, 0.0023070020943774337
0.19999999999999996, 0.00231962933722437
0.19999999999999996, 0.002358941958948612
0.20999999999999996, 0.002343744806347464
0.18999999999999995, 0.0025648507934365812
0.20999999999999996, 0.0022580348303017487
0.18999999999999995, 0.0024026299494782975
0.18999999999999995, 0.0024799137627084873
0.20999999999999996, 0.0023161510778772426
0.20999999999999996, 0.0022369385774201043
0.19999999999999996, 0.0023896683569778377
0.18999999999999995, 0.002618729444864826
0.20999999999999996, 0.0023013457602768764
0.19999999999999996, 0.002411565758695072
0.19999999999999996, 0.0021687773433310543
0.19999999999999996, 0.0023142570388213746
0.19999999999999996, 0.002425494268474112
0.21999999999999995, 0.0023349760946296642
0.20999999999999996, 0.0023958527651121507
0.19999999999999996, 0.0023942855746180674
0.21999999999999995, 0.002244584804881608
0.21999999999999995, 0.002387940212149581
0.19999999999999996, 0.0023552560570365704
0.21999999999999995, 0.0023157183520562115
0.20999999999999996, 0.0024150033506982606
0.20999999999999996, 0.0025063860590642355
0.21999999999999995, 0.0022588714969577575
0.19999999999999996, 0.0023987428348133002
0.18999999999999995, 0.002414155942810726
0.19999999999999996, 0.0024010077584322173
0.20999999999999996, 0.0022479076910719366
0.21999999999999995, 0.002365276230403356
0.18999999999999995, 0.0026366238286444966
0.19999999999999996, 0.00223974697120116
0.19999999999999996, 0.0023016079557180514
0.20999999999999996, 0.002354596220623122
0.18999999999999995, 0.00225048531539912
data/dry_pvc_400_long_left/exp_200
0.20999999999999996, 0.002054484388589491
0.19999999999999996, 0.002095188407230824
0.18999999999999995, 0.0021168844383652294
0.19999999999999996, 0.0019655915956480257
0.19999999999999996, 0.0020500048931819215
0.19999999999999996, 0.0019590345355740123
0.19999999999999996, 0.0020240235837202607
0.19999999999999996, 0.0020409309371753285
0.20999999999999996, 0.0020835573809947156
0.18999999999999995, 0.002055235012140023
0.20999999999999996, 0.0020021694189918584
0.18999999999999995, 0.002063695059972212
0.18999999999999995, 0.002039050407868794
0.18999999999999995, 0.0020192275319899874
0.18999999999999995, 0.002016374623619872
0.18999999999999995, 0.002096601955169138
0.18999999999999995, 0.0020559281954307964
0.18999999999999995, 0.0021277161272089677
0.19999999999999996, 0.002080720627548629
0.18999999999999995, 0.0020506709546381226
0.19999999999999996, 0.002010400512812667
0.19999999999999996, 0.001988051583028538
0.18999999999999995, 0.0020359045799937118
0.19999999999999996, 0.001985187717353038
0.18999999999999995, 0.0020342963340293867
0.18999999999999995, 0.0021563041178189074
0.19999999999999996, 0.0020696521980862865
0.18999999999999995, 0.0019321954717463293
0.18999999999999995, 0.0020038430976821067
0.19999999999999996, 0.002106294847852292
0.19999999999999996, 0.0020570025153362455
0.19999999999999996, 0.0020194314913649356
0.19999999999999996, 0.002031922815696321
0.18999999999999995, 0.0020939627969927196
0.19999999999999996, 0.0020559310208976412
0.19999999999999996, 0.002080534574389962
0.19999999999999996, 0.0021221753937750317
0.20999999999999996, 0.002008362663466138
0.18999999999999995, 0.00198958579365592
0.19999999999999996, 0.0020394599041259082
0.20999999999999996, 0.002071987602118888
0.19999999999999996, 0.00202660542389043
0.19999999999999996, 0.0020185248331498003
0.20999999999999996, 0.002057631189217061
0.18999999999999995, 0.0020223992978503813
0.18999999999999995, 0.002080579994638663
0.18999999999999995, 0.0020206239252015265
0.19999999999999996, 0.0020607228747811083
0.19999999999999996, 0.0020253959574395705
0.20999999999999996, 0.0020081856326092493
data/dry_pvc_400_long_left/exp_300
0.19999999999999996, 0.0019013729310972747
0.19999999999999996, 0.0020383463543607065
0.19999999999999996, 0.00194074701928743
0.19999999999999996, 0.0019318673028830599
0.19999999999999996, 0.0019278309704623446
0.19999999999999996, 0.001947139356346321
0.19999999999999996, 0.0019234747829223967
0.19999999999999996, 0.0019587023398674316
0.19999999999999996, 0.0019385481213608777
0.19999999999999996, 0.002020893170821862
0.19999999999999996, 0.0019231736570058803
0.19999999999999996, 0.001960255858107292
0.20999999999999996, 0.0021105178009725744
0.19999999999999996, 0.0019062355100338396
0.19999999999999996, 0.0019881085051081404
0.19999999999999996, 0.0019275508908514975
0.19999999999999996, 0.0019402867960607176
0.18999999999999995, 0.001890002843832735
0.19999999999999996, 0.001956134123718728
0.20999999999999996, 0.0019517319358119255
0.19999999999999996, 0.0020122668853029485
0.19999999999999996, 0.0019449034718769435
0.19999999999999996, 0.002027873675273554
0.18999999999999995, 0.001971495695454384
0.19999999999999996, 0.002073785534821867
0.19999999999999996, 0.001909296746515886
0.19999999999999996, 0.0018613505249397884
0.19999999999999996, 0.001961250096767729
0.19999999999999996, 0.0019522270002660643
0.19999999999999996, 0.0019128590329981004
0.19999999999999996, 0.001933368712980693
0.19999999999999996, 0.0018974398055440311
0.19999999999999996, 0.0019346011721327295
0.19999999999999996, 0.0019886468706194066
0.19999999999999996, 0.0019707747708543723
0.20999999999999996, 0.001954378300542918
0.19999999999999996, 0.002009695463900422
0.19999999999999996, 0.0019261620107812844
0.19999999999999996, 0.002016555435550998
0.19999999999999996, 0.0019681993864774953
0.19999999999999996, 0.0018937087044124206
0.18999999999999995, 0.0019925150898278928
0.19999999999999996, 0.0019594324445548223
0.19999999999999996, 0.0019104627798730673
0.19999999999999996, 0.0019768115836917826
0.19999999999999996, 0.001958218199341977
0.19999999999999996, 0.0019299963470709562
0.18999999999999995, 0.0019403528562182114
0.19999999999999996, 0.0019319549933477492
0.19999999999999996, 0.0019522572162319822
data/dry_pvc_400_long_left/exp_400
0.20999999999999996, 0.0019344782294639738
0.19999999999999996, 0.0018886510653969687
0.20999999999999996, 0.001890921561296247
0.19999999999999996, 0.002048482698094273
0.19999999999999996, 0.0019866743761227878
0.19999999999999996, 0.0019091431652494373
0.19999999999999996, 0.0019434696762431877
0.20999999999999996, 0.0020071800477892434
0.19999999999999996, 0.0020717571637869285
0.19999999999999996, 0.0019653401646122126
0.19999999999999996, 0.0020122848488965004
0.18999999999999995, 0.0019614066145334165
0.19999999999999996, 0.0019038691379554304
0.19999999999999996, 0.0019898734753924538
0.19999999999999996, 0.0019262118910884165
0.19999999999999996, 0.0019280659852407998
0.19999999999999996, 0.001993848161643599
0.19999999999999996, 0.0019435977764194795
0.19999999999999996, 0.0020229407704482087
0.19999999999999996, 0.0019864349945050105
0.19999999999999996, 0.002016226648681247
0.19999999999999996, 0.0019190003502210203
0.18999999999999995, 0.0019299512370999643
0.19999999999999996, 0.0018744937483132456
0.19999999999999996, 0.0019477977636471538
0.19999999999999996, 0.00201164337549984
0.19999999999999996, 0.0019965342043830312
0.19999999999999996, 0.0018523388011950485
0.19999999999999996, 0.001973705654753817
0.19999999999999996, 0.00199253144843065
0.19999999999999996, 0.001958994255455555
0.19999999999999996, 0.0019722510634116006
0.19999999999999996, 0.0020308085086463497
0.19999999999999996, 0.0019132417062777878
0.19999999999999996, 0.001976074395691349
0.20999999999999996, 0.001887280301406091
0.19999999999999996, 0.0019252664868905994
0.19999999999999996, 0.0019516523056931972
0.19999999999999996, 0.0019894259428415964
0.19999999999999996, 0.0019454952182981595
0.19999999999999996, 0.0019841424101668167
0.19999999999999996, 0.001984160892340387
0.19999999999999996, 0.0020298239177618306
0.19999999999999996, 0.0019093977312413623
0.19999999999999996, 0.0019434053112466043
0.18999999999999995, 0.0020731856992576366
0.19999999999999996, 0.0019653433136278754
0.19999999999999996, 0.001905109061446012
0.20999999999999996, 0.0018423806482613036
0.19999999999999996, 0.001954849971767506
data/dry_pvc_400_long_left/exp_50
0.21999999999999995, 0.0025916769418158152
0.21999999999999995, 0.0026363214594686385
0.22999999999999995, 0.0027107900088481377
0.17999999999999997, 0.0028693727688300424
0.21999999999999995, 0.0026231955013634473
0.17999999999999997, 0.0026864812379583675
0.16999999999999998, 0.0026861579021898066
0.20999999999999996, 0.0028703108165388617
0.21999999999999995, 0.002718439797890397
0.16999999999999998, 0.002862091891018745
0.17999999999999997, 0.0028884768395741043
0.19999999999999996, 0.0028936664408688397
0.19999999999999996, 0.0026192138536420455
0.19999999999999996, 0.002697581470567291
0.21999999999999995, 0.0025513875817893563
0.20999999999999996, 0.002796429175852288
0.19999999999999996, 0.002978406926028426
0.21999999999999995, 0.0025865644060327738
0.20999999999999996, 0.002739423868109422
0.23999999999999994, 0.0026268096408156067
0.20999999999999996, 0.0026114647293315443
0.17999999999999997, 0.0029553907655671366
0.22999999999999995, 0.0026883367544916045
0.20999999999999996, 0.0026544225038029967
0.18999999999999995, 0.0028968821908625297
0.18999999999999995, 0.0026256312397987015
0.19999999999999996, 0.0029857248467771245
0.18999999999999995, 0.0027091405320156707
0.17999999999999997, 0.0026806487162208178
0.19999999999999996, 0.003146598914554244
0.19999999999999996, 0.0027166306219890647
0.18999999999999995, 0.0027889097803045102
0.21999999999999995, 0.0028073805612917418
0.15999999999999998, 0.0030886593309056255
0.20999999999999996, 0.0030281801687675938
0.19999999999999996, 0.003022060592361885
0.21999999999999995, 0.0026233185402401763
0.18999999999999995, 0.002723297012763757
0.22999999999999995, 0.0026222931613590532
0.22999999999999995, 0.002647187837278276
0.22999999999999995, 0.002574066682109376
0.20999999999999996, 0.0028145602696746795
0.21999999999999995, 0.0026852682209398695
0.17999999999999997, 0.002838863731166006
0.22999999999999995, 0.0026498928508911783
0.16999999999999998, 0.002960692005677806
0.19999999999999996, 0.003173348773128737
0.15999999999999998, 0.0027787199098469983
0.18999999999999995, 0.0027656589900719383
0.15999999999999998, 0.0027076261293995903
data/dry_pvc_400_long_left/exp_500
0.19999999999999996, 0.0018928611095654299
0.19999999999999996, 0.0018740709978936558
0.19999999999999996, 0.0019757830488989388
0.19999999999999996, 0.002004977576767833
0.19999999999999996, 0.002002123908124979
0.19999999999999996, 0.001982047221808563
0.19999999999999996, 0.002010540941435715
0.19999999999999996, 0.0018805569986812534
0.19999999999999996, 0.0018728292488508157
0.19999999999999996, 0.0020369388325700497
0.19999999999999996, 0.0019936070636490284
0.19999999999999996, 0.0019093412955786028
0.19999999999999996, 0.0020111479443103283
0.19999999999999996, 0.0019153950824294334
0.19999999999999996, 0.00198776179081098
0.19999999999999996, 0.0019808979166111287
0.19999999999999996, 0.0020468091745449797
0.19999999999999996, 0.0019850888715148163
0.20999999999999996, 0.0019803991209611446
0.19999999999999996, 0.0020144506581428186
0.19999999999999996, 0.001956120705281631
0.20999999999999996, 0.002017239166847838
0.19999999999999996, 0.002033244331064459
0.19999999999999996, 0.0019805657753463927
0.20999999999999996, 0.002004245099441417
0.19999999999999996, 0.00207915790571939
0.19999999999999996, 0.0019629850841098515
0.19999999999999996, 0.002033516334683918
0.19999999999999996, 0.001983324138830732
0.19999999999999996, 0.002065075560523197
0.19999999999999996, 0.001999358511802216
0.19999999999999996, 0.0018890425263248898
0.19999999999999996, 0.0020121011527254582
0.19999999999999996, 0.0020250595725073554
0.19999999999999996, 0.001967480137854742
0.18999999999999995, 0.001981024727384096
0.19999999999999996, 0.0020067998709460202
0.19999999999999996, 0.0019952247287959215
0.19999999999999996, 0.0020085719567594722
0.19999999999999996, 0.0019962225844006613
0.19999999999999996, 0.001964240270245983
0.20999999999999996, 0.0019854930557337475
0.19999999999999996, 0.0019442376791114107
0.20999999999999996, 0.0019182454499424852
0.19999999999999996, 0.002038348820771168
0.19999999999999996, 0.0019465793563273929
0.19999999999999996, 0.002014984612822932
0.19999999999999996, 0.0020285065706537363
0.19999999999999996, 0.0019331112801818802
0.19999999999999996, 0.0019470887083363991
