sensor_readings, r: 0.2886473467227628, std_dev: 0.26743606996805924
0.3126637055396412
0.42552908504049564
0.4482961924305398
0.5135141972226616
0.39276482442058214
0.17577035130978205
0.23858476456445768
0.13407886909896005
0.1360549550528475
0.13383804121464132
0.39276482442058214
1.037842803873143
0.17577035130978205
0.17827722414360142
0.18096854682618993
0.1951280591520604
0.18458792002520766
0.3807548168072725
0.2295230781362711
0.17379632810382628
0.17266403295662214
0.1773031456993719
0.9557860114107731
0.2494307348746295
0.17880004768232402
0.18107191858164245
0.18422803582522684
0.18302583957610727
0.1795124703138386
0.1826454100892835
0.18395325072119317
0.18385979548959816
0.18395325072119317
0.17789532402343328
1.6754734671257223
0.24195862559584994
0.18385934486559646
0.1816883316177036
0.18685171928349484
0.18791023228916628
0.19033738044648307
0.19090605284425
0.19090605284425
0.19091026687455365
0.13687600753842394
0.19090605284425
0.41303236834106893
0.39276482442058214
0.23167420127448293
0.23167420127448293
