data/Sand_0/fps10_exp_1000, r: 0.11999999999999997, std_dev: 0.0, fps: 1.280871178465407
data/Sand_0/fps45_exp_100, r: 0.11919999999999996, std_dev: 0.004444671196029721, fps: 1.6565437745352825
data/Sand_0/fps45_exp_50, r: 0.11559999999999994, std_dev: 0.005014265364224066, fps: 1.9813945888643927
data/Sand_0/fps45_exp_500, r: 0.11999999999999997, std_dev: 0.0, fps: 1.1404452204927993
data/Sand_0/fps10_exp_1000
0.11999999999999997, 0.0004586375816842419
0.11999999999999997, 0.0004932457651793896
0.11999999999999997, 0.0004986207804234388
0.11999999999999997, 0.0004983586812247129
0.11999999999999997, 0.0005026762169415134
0.11999999999999997, 0.0004941597080241704
0.11999999999999997, 0.0005096407039523268
0.11999999999999997, 0.0005035554538567102
0.11999999999999997, 0.0005028417130214457
0.11999999999999997, 0.0005083913340554346
0.11999999999999997, 0.0004992298894423227
0.11999999999999997, 0.000490189788636901
0.11999999999999997, 0.0004946034802890472
0.11999999999999997, 0.0004937122527716572
0.11999999999999997, 0.0004950792008925626
0.11999999999999997, 0.0004971691536495707
0.11999999999999997, 0.0004942765338901198
0.11999999999999997, 0.0005032917096360759
0.11999999999999997, 0.0005002470718468925
0.11999999999999997, 0.0005029505837321369
0.11999999999999997, 0.0004959717906279782
0.11999999999999997, 0.00050333673231701
0.11999999999999997, 0.0004909805048397053
0.11999999999999997, 0.0004902828392662033
0.11999999999999997, 0.0005079669085808926
0.11999999999999997, 0.0004945951750863171
0.11999999999999997, 0.0004999760091932091
0.11999999999999997, 0.0004905829104043575
0.11999999999999997, 0.0004964011812713615
0.11999999999999997, 0.0005013750740553829
0.11999999999999997, 0.000493590199718421
0.11999999999999997, 0.0005016831666510878
0.11999999999999997, 0.0005013137394244961
0.11999999999999997, 0.00048772974382749494
0.11999999999999997, 0.0004903439559020301
0.11999999999999997, 0.0005023045177011844
0.11999999999999997, 0.0005082322841406916
0.11999999999999997, 0.0004879526575162658
0.11999999999999997, 0.000494511548286713
0.11999999999999997, 0.0005013464764189418
0.11999999999999997, 0.0004960110191531896
0.11999999999999997, 0.0004793673249296232
0.11999999999999997, 0.0005001817576631594
0.11999999999999997, 0.0004911712089797434
0.11999999999999997, 0.0004979720898998009
0.11999999999999997, 0.0004897391796052224
0.11999999999999997, 0.0004929588121372816
0.11999999999999997, 0.0004884993702191699
0.11999999999999997, 0.0004960978910865852
0.11999999999999997, 0.0005016581993654775
data/Sand_0/fps45_exp_100
0.11999999999999997, 0.0005665401909268003
0.11999999999999997, 0.0005266789181566429
0.10999999999999997, 0.00044974015931563687
0.10999999999999997, 0.0005560106471362967
0.10999999999999997, 0.00046093369294920297
0.11999999999999997, 0.00044723716178842013
0.11999999999999997, 0.0004342732850896621
0.11999999999999997, 0.0004761861302160962
0.11999999999999997, 0.0005610987284011546
0.11999999999999997, 0.00045260691905926444
0.11999999999999997, 0.0004950008454020597
0.11999999999999997, 0.00045056553290474805
0.11999999999999997, 0.00044748344361541587
0.11999999999999997, 0.0005215194377193892
0.11999999999999997, 0.0005425276820410209
0.11999999999999997, 0.0004517424311502646
0.11999999999999997, 0.0004559492981057528
0.11999999999999997, 0.0005513511135426966
0.11999999999999997, 0.00043511815494697037
0.10999999999999997, 0.0004621722756489272
0.11999999999999997, 0.00044951856566614586
0.11999999999999997, 0.000544546193066703
0.10999999999999997, 0.0004482743650285126
0.11999999999999997, 0.0005680526715212876
0.11999999999999997, 0.0004549607052147425
0.12999999999999995, 0.000524945328856361
0.11999999999999997, 0.0004977023497397108
0.11999999999999997, 0.0005426329817701941
0.11999999999999997, 0.0004433966082698533
0.11999999999999997, 0.0005468926032643821
0.11999999999999997, 0.0005314213839069714
0.11999999999999997, 0.0005279607386062666
0.11999999999999997, 0.0004991018832534162
0.11999999999999997, 0.0004744315586589668
0.11999999999999997, 0.0005129895675093354
0.10999999999999997, 0.0005623306524535895
0.11999999999999997, 0.0005221817284862329
0.11999999999999997, 0.0004982700557752236
0.11999999999999997, 0.0004524033509898968
0.11999999999999997, 0.0004510145515304232
0.11999999999999997, 0.0004704368740405967
0.11999999999999997, 0.0005308304517995019
0.11999999999999997, 0.0005229609947507586
0.11999999999999997, 0.0005235677548239806
0.12999999999999995, 0.0005554601831132065
0.11999999999999997, 0.0004357548322009171
0.11999999999999997, 0.00045808239260995655
0.12999999999999995, 0.0005585894806618437
0.11999999999999997, 0.0005038170532257744
0.10999999999999997, 0.0005586273163995203
data/Sand_0/fps45_exp_50
0.10999999999999997, 0.0006333065166079602
0.10999999999999997, 0.0006599133965601077
0.10999999999999997, 0.0005891410085656695
0.11999999999999997, 0.0006439582790103804
0.10999999999999997, 0.0006606743080971946
0.10999999999999997, 0.0006417815778400574
0.10999999999999997, 0.000606243570990788
0.10999999999999997, 0.0006479350093965089
0.11999999999999997, 0.0005980385736509005
0.11999999999999997, 0.0006345759953997703
0.10999999999999997, 0.0006211331168845464
0.10999999999999997, 0.000657947741405214
0.11999999999999997, 0.0005628817935677023
0.11999999999999997, 0.0006075527416765451
0.11999999999999997, 0.0006129740464980535
0.11999999999999997, 0.0005745696210555335
0.11999999999999997, 0.0006337373764468214
0.10999999999999997, 0.0006381980995360572
0.11999999999999997, 0.0006002285315367421
0.11999999999999997, 0.0005691327490183831
0.10999999999999997, 0.0006454884430514539
0.11999999999999997, 0.0005938753444166328
0.11999999999999997, 0.0006040677043695695
0.10999999999999997, 0.0006382091199498229
0.10999999999999997, 0.0006662286185857767
0.11999999999999997, 0.0006421743664533153
0.10999999999999997, 0.0006651132234134143
0.10999999999999997, 0.0006660878966933384
0.11999999999999997, 0.000664783816223936
0.11999999999999997, 0.0006532064236178269
0.10999999999999997, 0.0006704605718876755
0.11999999999999997, 0.0005771957800887035
0.11999999999999997, 0.0006189491438682006
0.11999999999999997, 0.000583604715666262
0.11999999999999997, 0.000606255784225928
0.10999999999999997, 0.0006494397688124082
0.10999999999999997, 0.0006856581926491164
0.11999999999999997, 0.000609029714246072
0.11999999999999997, 0.0006296947391126835
0.10999999999999997, 0.0006709530123572816
0.10999999999999997, 0.0006127107250641093
0.11999999999999997, 0.0006566913020917434
0.10999999999999997, 0.0006467117660519537
0.10999999999999997, 0.000677080296797281
0.11999999999999997, 0.000574142591683691
0.11999999999999997, 0.0006396067286911432
0.11999999999999997, 0.0005478051800904775
0.11999999999999997, 0.0006535871454419999
0.11999999999999997, 0.0005548700854565525
0.11999999999999997, 0.0006147518038876313
data/Sand_0/fps45_exp_500
0.11999999999999997, 0.0005617102444549697
0.11999999999999997, 0.00047511240585093367
0.11999999999999997, 0.0004946429547936045
0.11999999999999997, 0.00047220772870273204
0.11999999999999997, 0.00047878524115852123
0.11999999999999997, 0.0004717584720493542
0.11999999999999997, 0.0004832258387789732
0.11999999999999997, 0.0004784364319357002
0.11999999999999997, 0.00047988068168059497
0.11999999999999997, 0.0004689070662868493
0.11999999999999997, 0.00048227358844005284
0.11999999999999997, 0.0004809499876725753
0.11999999999999997, 0.0004713104562965957
0.11999999999999997, 0.00047449383995214005
0.11999999999999997, 0.00047738785174784864
0.11999999999999997, 0.00048248614361311474
0.11999999999999997, 0.000469522403364006
0.11999999999999997, 0.0004847046369158202
0.11999999999999997, 0.0004759371183432521
0.11999999999999997, 0.00047628347659421205
0.11999999999999997, 0.00047404349329317156
0.11999999999999997, 0.00048178024697002
0.11999999999999997, 0.0004844067649933731
0.11999999999999997, 0.0004677358641607671
0.11999999999999997, 0.0004742872793851017
0.11999999999999997, 0.00047478725510144236
0.11999999999999997, 0.00048548255961983807
0.11999999999999997, 0.00046548842365002377
0.11999999999999997, 0.0004847305061787006
0.11999999999999997, 0.0004917134863014147
0.11999999999999997, 0.0004798991438717464
0.11999999999999997, 0.00048162346633120746
0.11999999999999997, 0.00046845123561642534
0.11999999999999997, 0.00047559619261786833
0.11999999999999997, 0.00047989808627889097
0.11999999999999997, 0.0004797885880095251
0.11999999999999997, 0.0004675946998673021
0.11999999999999997, 0.0004738158991301923
0.11999999999999997, 0.00048177880190737924
0.11999999999999997, 0.00048306993719147073
0.11999999999999997, 0.0004683801840592994
0.11999999999999997, 0.00048435178007873896
0.11999999999999997, 0.0004718623180447569
0.11999999999999997, 0.0004735712969850209
0.11999999999999997, 0.0004804073968130809
0.11999999999999997, 0.0004787728535205357
0.11999999999999997, 0.0004820725237563659
0.11999999999999997, 0.0004756341392422811
0.11999999999999997, 0.000473015169557429
0.11999999999999997, 0.0004655143472017665
