sensor_readings, r: 0.1761356155160103, std_dev: 0.16278393879924324
0.11514045275404863
0.0971884354486998
0.10064538532449739
0.14645836566298556
0.18538467058749267
0.09865022307944132
0.18826468477044067
0.17759410506755455
0.09590250606987871
0.09831914278460571
0.04075669595427248
0.2949902352934079
0.15444226620353668
0.19216677186565792
0.17813673175321543
0.12572829432603394
0.09723570249710356
0.04075669595427248
0.04075669595427248
0.14007183715815366
0.18395325072119317
0.22068047214570066
0.17601999113084266
0.29400755785465654
0.2607576319975784
0.1153710016343985
0.45179518142941283
0.17859703400363228
1.1593895030987915
0.13450309871769303
0.16324308779068428
0.18885315826188626
0.09678289023448157
0.21782908762352093
0.29898843665357255
0.09678289023448157
0.10974277926427876
0.09764466259030892
0.10227914378216996
0.11549623224813627
0.12359321211792487
0.11733060080403881
0.1842134649275004
0.29586118093912944
0.1440148772122012
0.09298358898443378
0.14645836566298556
0.15755170721103273
0.09733117249826587
