sensor_readings, r: 0.08959189914714161, std_dev: 0.019971948475655515
0.04075669595427248
0.08242640032370314
0.08010195244740921
0.08987201855679663
0.09595648722568302
0.09837981735779935
0.08907463670186072
0.08865203273691852
0.08920934549416917
0.0894357634192327
0.08953893191073498
0.04075669595427248
0.08953893191073498
0.09293357272169707
0.0894357634192327
0.08865203273691852
0.08280099303635463
0.08639174326957974
0.08920934549416917
0.1310936508771492
0.08590202839812364
0.08907463670186072
0.04075669595427248
0.08636788847810645
0.08636788847810645
0.09296035792704196
0.08960841200767125
0.09345094413291337
0.09050612492956947
0.08968731006040451
0.13163147802610276
0.0882516239040089
0.08636788847810645
0.04075669595427248
0.09345094413291337
0.08960841200767125
0.09316470505098227
0.08968731006040451
0.09345094413291337
0.09345094413291337
0.08968731006040451
0.08968731006040451
0.08968731006040451
0.13163147802610276
0.09750002498559415
0.13163147802610276
0.11830418831544373
0.11830418831544373
0.062077107158949874
0.08236451785118469

Mean Right: 0.06048  Mean middle: 0.07604  Mean left: 0.077  standard deviation right: 0.01843271271297808  standard deviation middle: 0.05643958662831887  standard deviation left: 0.025618870595954166