data/dry_pvc_400_long/exp_100, r: 0.20940568581996227, std_dev: 0.0006219514612345763, fps: 1.609692220754799
0.20946072732610366, 5.762134573551277e-10
0.20940638260392322, 5.946556664135013e-10
0.2093716989145883, 6.019464605968172e-10
0.21044762625659189, 5.869632064590654e-10
0.20901381596822466, 5.791026637700255e-10
0.20995861031781393, 5.967349472333794e-10
0.21057764946249638, 5.733281042871876e-10
0.2098306451718158, 6.121237898450815e-10
0.21037018815174807, 5.739314814592833e-10
0.2099565243198011, 5.569872528458786e-10
0.2100222697307284, 5.805462326124239e-10
0.2087449339858677, 6.002547417601707e-10
0.20953422476954975, 6.051795055117347e-10
0.20896463574784804, 5.723741283340354e-10
0.2101531652022855, 6.135864502590563e-10
0.2089662263709173, 5.737241309550732e-10
0.20880638598469226, 5.696135972071763e-10
0.2082700752359325, 5.839226189938428e-10
0.21042377663161546, 5.85563231011637e-10
0.210189019982636, 6.039459586821752e-10
0.20839083717733464, 5.943701484105692e-10
0.21017551650092775, 5.944105658902874e-10
0.20985390916869304, 6.175338944563161e-10
0.20938247694386858, 5.708682295533631e-10
0.2092445752259631, 5.983938810295302e-10
0.20913702485299995, 5.917010362877561e-10
0.2097947379676714, 5.59792468792397e-10
0.2096562584157897, 6.007725672313424e-10
0.20834796117309962, 5.464867603300566e-10
0.20931607578202988, 5.640764893394861e-10
0.20971629542851017, 5.986282683932035e-10
0.20936338241040278, 5.691089674701464e-10
0.2086359575613663, 5.290175327116814e-10
0.20921161345985842, 5.909100443750194e-10
0.20905575602759255, 5.743574484163163e-10
0.2093760247073974, 5.521953758463881e-10
0.20825309558619923, 5.577450128766058e-10
0.21036950535496543, 5.672407801080297e-10
0.20869134091951647, 5.718749330077705e-10
0.20869524837058348, 5.708276213379751e-10
0.20949711847258345, 6.231979272159963e-10
0.20826669900576253, 5.570553602536107e-10
0.2098990500591092, 6.230277289646596e-10
0.20928635822897093, 5.662940986707663e-10
0.20929292808658922, 5.876614879611523e-10
0.2090965140726719, 5.948460100436525e-10
0.20907966139905368, 5.892257408069253e-10
0.2095836446410868, 5.894352770863056e-10
0.2091948839575353, 6.057129679366177e-10
0.2099512579048059, 6.117534055080864e-10
data/dry_pvc_400_long/exp_200, r: 0.20928556599552756, std_dev: 0.00039194418168200025, fps: 1.3555936576673795
0.20907768315428607, 2.0490270649344132e-10
0.20839901611765138, 2.0125436614370066e-10
0.20932422903118206, 2.0369859384132112e-10
0.20927138068149986, 2.0942247758849022e-10
0.2096331626147907, 2.074757907279013e-10
0.20885513640976086, 2.0340493140109303e-10
0.20926523330973446, 2.135902579925394e-10
0.20987460562439814, 2.0392663433613021e-10
0.20906658289407817, 2.0111250656387083e-10
0.20976832809533516, 2.1323754096576972e-10
0.20942930426659598, 2.0191511740590112e-10
0.2091617044998051, 2.0235695789243579e-10
0.20919822765814844, 2.0098862129722848e-10
0.2084144147346674, 2.1258061558996786e-10
0.20964406831339624, 2.0880385642118346e-10
0.20891529572548878, 2.018675451146013e-10
0.20969775620960607, 2.0862032269150179e-10
0.20942848502923922, 2.0052935209149245e-10
0.2095379729969687, 1.9924680632255292e-10
0.2095371180521788, 2.0139581524868962e-10
0.20880087050198642, 1.936826698465116e-10
0.20923901044102325, 1.992263174567055e-10
0.20980492478627943, 2.0797596742407947e-10
0.2096113399354329, 2.0209450797436212e-10
0.20916798174757445, 2.046674141380053e-10
0.20841533220522585, 1.931292897659386e-10
0.20970174433463779, 2.1142555737011406e-10
0.20924344159394195, 2.066399357305652e-10
0.2092063303332497, 1.9670408807622465e-10
0.20886806273415437, 2.0205872973933197e-10
0.209407195438952, 2.000047884107863e-10
0.20983404556944926, 2.037693045972429e-10
0.20939118768806786, 2.057498095924171e-10
0.20928291439283778, 1.9929564058944732e-10
0.2090052311399047, 2.077684497337597e-10
0.20936623575219987, 2.096504135292748e-10
0.2086548271096162, 2.068062356398453e-10
0.20873302272529026, 1.979679728027298e-10
0.2095149401990173, 1.978412958855687e-10
0.20914907342638278, 2.1487727569086192e-10
0.20988027745001753, 2.0726087981832535e-10
0.2094543224851744, 2.0845853381972608e-10
0.20936202590947678, 2.1536207786315402e-10
0.21005436203171876, 2.1237086583639312e-10
0.20885582419371113, 2.062421432187114e-10
0.20901171125811496, 2.0149571586260298e-10
0.20956094794329785, 2.0806504069185277e-10
0.20951512690446122, 1.9999380973235073e-10
0.20953902379055855, 2.01605969640527e-10
0.20914726033581113, 2.0003814696195702e-10
data/dry_pvc_400_long/exp_300, r: 0.20915371125148977, std_dev: 0.00021208781154718873, fps: 1.2698509426570217
0.2093817126191178, 1.2417097737359528e-10
0.2093495557902653, 1.2549881680967666e-10
0.20936859375794453, 1.2597256945049578e-10
0.20948735844322394, 1.2326401814707957e-10
0.20900684780781031, 1.2427630843988935e-10
0.20902845411622833, 1.2250873040428357e-10
0.20934391091227014, 1.2250528559512262e-10
0.20891902933240342, 1.2552670203212054e-10
0.2091130556627162, 1.2632574381031538e-10
0.20905235841985947, 1.218751601051407e-10
0.2088028555503278, 1.2474829446154493e-10
0.20939741065707276, 1.2436343465569917e-10
0.2091480159246651, 1.2041097253282593e-10
0.2090112448294838, 1.2427048489631448e-10
0.20948260248162723, 1.2091792697691978e-10
0.2093133921783109, 1.2565554808665508e-10
0.20936680156970058, 1.2389795321122536e-10
0.20905573784305256, 1.207697415281361e-10
0.20919093610914413, 1.2287942245046075e-10
0.2094059748558628, 1.2572461893147563e-10
0.20932994387977025, 1.192530483824583e-10
0.20897821016732343, 1.2396650864047156e-10
0.20938554295497727, 1.2605145972496088e-10
0.2091005454309296, 1.2159255047291048e-10
0.20893833066757062, 1.194430058432168e-10
0.2088106330797128, 1.250549133985004e-10
0.20935486981553886, 1.285853190288504e-10
0.20934676714982944, 1.2442450115546108e-10
0.20898814866257853, 1.2259193534861824e-10
0.20923650842803224, 1.247860168770234e-10
0.2091817431395786, 1.2268803203256245e-10
0.20891358046859987, 1.2440856014405088e-10
0.209191325736784, 1.2666999102075245e-10
0.20871436648011313, 1.2126007455906706e-10
0.20936089259798735, 1.2401940470062774e-10
0.2091239878008828, 1.229235734626993e-10
0.20908755196882128, 1.2499638464400678e-10
0.20873870554700802, 1.2182623816444714e-10
0.20935951846613873, 1.1878763177913077e-10
0.20905027262136427, 1.2276084513274293e-10
0.20935589080406491, 1.2353529849819355e-10
0.20897894964859642, 1.218343777621192e-10
0.20918099224557668, 1.20600192912901e-10
0.20902507161616435, 1.230699890478584e-10
0.20920305788078541, 1.2364478789193872e-10
0.20924912399799447, 1.2179344129325547e-10
0.20858910606220799, 1.2433054338105518e-10
0.20921331861893874, 1.2406208979709866e-10
0.20926928240486353, 1.259400042059467e-10
0.20920347537066716, 1.243332737562648e-10
data/dry_pvc_400_long/exp_400, r: 0.20911272086914598, std_dev: 0.00015393109054860724, fps: 1.1905536612818313
0.2090087560981176, 8.87726336785822e-11
0.20925021048683484, 9.390336473724363e-11
0.2094955497405822, 9.562653341329492e-11
0.208936940346737, 8.603683092241586e-11
0.20897840536125262, 8.98597488646456e-11
0.2088987440191983, 8.862480526719716e-11
0.2093224777168351, 9.445865467801781e-11
0.2093098636198641, 9.058816469470795e-11
0.20909128121644766, 9.206786793224153e-11
0.20895357952081015, 8.853928661513463e-11
0.2091375732914785, 8.959857974999477e-11
0.20892228736428697, 9.134304021263446e-11
0.2090865043185089, 8.912869617086721e-11
0.20906158877249725, 8.994639228390485e-11
0.20922133887604255, 9.336625072427219e-11
0.20917143923809206, 9.04471921156769e-11
0.2092796687925475, 9.076174406825985e-11
0.20936752184119284, 8.758482099573253e-11
0.2090741567204268, 8.784725453842343e-11
0.2088331268356988, 8.918585733523456e-11
0.20913722249896796, 8.810009795408136e-11
0.20912985992801286, 8.832333971017575e-11
0.20914503438977902, 9.187673594348363e-11
0.209081153476592, 8.785395102232017e-11
0.20924560080318855, 8.991210061254341e-11
0.20901467154951958, 9.193811351870157e-11
0.20921676196547065, 9.040679731618452e-11
0.2091963578114544, 8.651055145118898e-11
0.20909978725883802, 8.827559442187392e-11
0.2088700315307798, 8.827337060766377e-11
0.20908968371145528, 9.227160954539485e-11
0.20903020088962806, 8.736776327493506e-11
0.20899388062999452, 9.072102013712407e-11
0.20902152742027513, 8.923548693572487e-11
0.2091788907774434, 9.16104437518159e-11
0.2090526639436832, 9.012931900136388e-11
0.20892801091588314, 8.635627202153922e-11
0.20916898710699394, 8.959034537958645e-11
0.20910631442742816, 8.719925665940545e-11
0.20914736349669122, 9.066552085589035e-11
0.20900355800691456, 9.106323239208979e-11
0.2090807521172002, 9.364822322458121e-11
0.2088816539668736, 9.159282678596686e-11
0.20931292792697703, 9.057552624296794e-11
0.20948105365873934, 9.022568775540717e-11
0.209249390533808, 9.170739164324145e-11
0.20887427760829014, 9.478854587188299e-11
0.20905868025317162, 9.018504784950006e-11
0.20933523561123107, 9.050476500900906e-11
0.20910349506456002, 9.001646078464748e-11
data/dry_pvc_400_long/exp_50, r: 0.1983401610494799, std_dev: 0.0020212109609390994, fps: 2.9919292103504347
0.20042980460743703, 2.6114517559833765e-09
0.1999506872078383, 2.3668518223576163e-09
0.19869678681197483, 2.2098644993986726e-09
0.19553559225482536, 2.013966765290894e-09
0.20070148141447075, 2.461222733265754e-09
0.19939018921130242, 2.2098746989158667e-09
0.20170569590080675, 2.230754194183591e-09
0.199668304342814, 2.368970744215452e-09
0.19742674771190385, 1.985475052893531e-09
0.19852706615417448, 2.1127097575487355e-09
0.20034801722995613, 2.4052741770310067e-09
0.20203061153386281, 2.529494244537164e-09
0.2001166725907127, 2.191282220417561e-09
0.19604095669831936, 2.143571563993885e-09
0.1959203197455942, 2.068301087371605e-09
0.1988080473383715, 2.0430275805092894e-09
0.19816421852695845, 2.047584103969563e-09
0.20166096663625502, 2.259601691570599e-09
0.198098273449207, 2.056866106053557e-09
0.19982581980065697, 2.160936475258275e-09
0.19440105637898475, 1.9410222898887327e-09
0.19522962880845093, 2.0442409123320873e-09
0.1988904927174688, 2.3519136896409524e-09
0.1955720461152838, 1.9757450819598017e-09
0.19722115034713636, 1.9735382307448517e-09
0.2018786929111961, 2.134966791809952e-09
0.19900323811331547, 1.933046015066967e-09
0.1990655342388007, 2.1350805288102088e-09
0.19778483742158937, 1.8530865732140763e-09
0.19665093194366548, 2.0660452937186614e-09
0.19606796627998432, 1.9902856410180862e-09
0.20005571726459648, 2.02650233339547e-09
0.1988294623827369, 1.9551505709288267e-09
0.19730301316626528, 2.434070572493558e-09
0.19438413980631605, 1.885727805128148e-09
0.19750360885322676, 1.9851512598379972e-09
0.1953139940614709, 1.8824560477777567e-09
0.19645353051189648, 1.79840878510612e-09
0.19861806899660522, 2.020932240655812e-09
0.20040133932434312, 2.03468357523951e-09
0.19781714001842146, 1.9265915656599535e-09
0.19703865476009716, 1.9464977124860874e-09
0.19961543912452062, 2.040213654889961e-09
0.1966702290946298, 1.9448629674044173e-09
0.19954353196647567, 2.3444377211437625e-09
0.1965848203778896, 1.9609637338859635e-09
0.20109807330146326, 2.1971485566247877e-09
0.19918253494095703, 2.2409607676205294e-09
0.19621914535639823, 2.3547795054018305e-09
0.19956377472236617, 2.4591830140938365e-09
data/dry_pvc_400_long/exp_500, r: 0.20909937346845187, std_dev: 0.00015208917733935135, fps: 1.1717184408555992
0.20891911934561494, 7.696959289650922e-11
0.20898258842255638, 7.829865424673692e-11
0.20893899284317816, 7.65264507789246e-11
0.20919762752574342, 7.53966662318071e-11
0.20907307379638196, 7.591448001039479e-11
0.20907395329436498, 7.591014618444743e-11
0.20937043998194516, 7.794809017180669e-11
0.20926979862292783, 7.84679129377473e-11
0.20890328394533175, 7.566717969542307e-11
0.20909536862833375, 7.740064935282487e-11
0.209032621388581, 7.767843311006402e-11
0.2093628487312252, 7.782276861918204e-11
0.2091958236586453, 7.792283976266118e-11
0.2092134018264062, 7.614052244829389e-11
0.20925006118825404, 7.713772694782144e-11
0.20889226442573525, 7.773206839950817e-11
0.20909284083712656, 7.713973682871876e-11
0.20898907450658588, 7.867790136579095e-11
0.20891000863747528, 7.47401340957732e-11
0.20916340846344866, 7.712592887773922e-11
0.2090062513027252, 7.640795130202313e-11
0.20882997435958056, 7.893172797144726e-11
0.20915360166337427, 7.590452085701624e-11
0.20913578941024308, 7.713383694087517e-11
0.20907484207963442, 7.72834939378732e-11
0.209236146948862, 7.681935852824344e-11
0.2091218287117329, 7.602304527418808e-11
0.2091463197882872, 7.607083774861863e-11
0.20919956318776406, 7.589074361461954e-11
0.20930308378856727, 7.83562305540951e-11
0.20924314458057072, 7.635934277440556e-11
0.20899717178401223, 7.389941056255945e-11
0.2090614822133724, 7.851795448775317e-11
0.20907943520174774, 7.736479612902775e-11
0.20900176739762344, 7.506995951599449e-11
0.2093425314637362, 7.690035746388093e-11
0.20901111112712448, 7.625210346173197e-11
0.20921626983645036, 7.882983075390251e-11
0.20886086702142934, 7.811417887260386e-11
0.209050405114973, 7.699400890359655e-11
0.20895109280168875, 7.328644240841241e-11
0.2092297493733156, 7.844153880632748e-11
0.20925622933721877, 7.756735750905675e-11
0.20901812719794138, 7.71248349073618e-11
0.20890012094252744, 7.366757982214423e-11
0.20898698091978118, 7.719076592812589e-11
0.20943114680563452, 7.93517985085329e-11
0.2087985445553565, 7.635440894360337e-11
0.2092740514555644, 7.518922859064963e-11
0.20912444298189423, 8.021454453898647e-11
