data/wet_pvc_400/exp_100, r: 0.2244655491916477, std_dev: 0.000408625789174044, fps: 1.628658193738048
0.22468798681608348, 2.195057357187422e-09
0.22456358891004063, 2.2829052639476027e-09
0.2242250631567534, 2.2542988051173892e-09
0.2250162751884537, 2.1139131883157736e-09
0.22490847087932023, 2.226445591513805e-09
0.2248251897465553, 2.2156589200304464e-09
0.2242864012726762, 2.2115930883332353e-09
0.22481685819346295, 2.2938579794733154e-09
0.2241886091725534, 2.2667484921287203e-09
0.22470792059784575, 2.3447205023604748e-09
0.2241697543378982, 2.2273042838368223e-09
0.22473485136227256, 2.2519348913876862e-09
0.224853724385159, 2.161730941570665e-09
0.22409042290516348, 2.2507742014016656e-09
0.22424595787829713, 2.2074991335054203e-09
0.22446154366564003, 2.115085440275389e-09
0.22485479160340247, 2.192381917312622e-09
0.22433461336032653, 2.193627251329396e-09
0.22487474983961434, 2.212683651705292e-09
0.22499644739953373, 2.2166723692984536e-09
0.22408448171982168, 2.135443434469605e-09
0.22353397538377423, 2.1771733023605824e-09
0.22425984866650983, 2.2936412873223122e-09
0.22373668133733088, 2.31810099916463e-09
0.22422644404478806, 2.2491725448699503e-09
0.22393126940664201, 2.262525868505647e-09
0.22456001536063377, 2.250757716777632e-09
0.2250079026204367, 2.3134857157834795e-09
0.2245308939988581, 2.1925407145287258e-09
0.22468967285388536, 2.227182669777541e-09
0.22403202948136935, 2.2580551338679048e-09
0.22397206513641307, 2.221671151621858e-09
0.22537541418307788, 2.237453505078505e-09
0.22447549380631174, 2.2361388195224643e-09
0.22472829806181593, 2.1740471567461326e-09
0.2242872958300853, 2.329002349888488e-09
0.2244374794328565, 2.1933548401150614e-09
0.22455589116902896, 2.2960636102437505e-09
0.22398156886625, 2.2052283290535305e-09
0.22474206150335949, 2.2920744888896493e-09
0.22437824760839686, 2.207881476500233e-09
0.2238397051759222, 2.231717272792069e-09
0.223947451317205, 2.2228986849910806e-09
0.22405804133602972, 2.164184741721369e-09
0.2248735842628682, 2.227540855875001e-09
0.22426563748037148, 2.224333745055965e-09
0.22529903645304053, 2.27463562031104e-09
0.22483493940959504, 2.1708283804961788e-09
0.22409500977743038, 2.246322557782272e-09
0.2246938032272242, 2.1398777326552827e-09
data/wet_pvc_400/exp_200, r: 0.22529128962441408, std_dev: 0.00024792454643399897, fps: 1.3026021508309678
0.22494355803425842, 1.428631675408208e-09
0.22494135371087903, 1.4254834913814979e-09
0.2255460232107938, 1.3926649506605752e-09
0.22560467416180335, 1.4981692512207846e-09
0.22511232683952534, 1.3887608591794161e-09
0.22529127650581665, 1.391499569912173e-09
0.2252424203417525, 1.438253032740225e-09
0.22535133731819243, 1.459300849118808e-09
0.22527715263856155, 1.4450243130530006e-09
0.22501971728275266, 1.4576565495346001e-09
0.22505834604196506, 1.4523919557185392e-09
0.22559739287395678, 1.4495630194057304e-09
0.22520399572224345, 1.4865356598025274e-09
0.22535549683621936, 1.42810214832951e-09
0.22537794682154527, 1.4286531220863996e-09
0.2253031254243894, 1.4340276873247247e-09
0.2249301516756865, 1.4584888333575747e-09
0.22506480823976754, 1.4175537029216448e-09
0.22518095095136914, 1.4545346235857374e-09
0.22508971599419061, 1.446681396882388e-09
0.2249783915392161, 1.443309081278516e-09
0.22499911535155526, 1.4473499453557173e-09
0.225130843826401, 1.436711051392402e-09
0.22526800618243312, 1.450204417837268e-09
0.22512026836754806, 1.4394911466705225e-09
0.22498305442493888, 1.4662041713054851e-09
0.22525378497930357, 1.4479203584140754e-09
0.22560660577141195, 1.450765129314375e-09
0.22523500995659088, 1.4532811837405124e-09
0.22533822581648633, 1.4510887976363755e-09
0.22543155891107142, 1.4284088670644466e-09
0.22566920796321968, 1.4297042952294425e-09
0.22562163348096018, 1.4398395115915906e-09
0.22494682515296335, 1.4203405245740953e-09
0.22531032025773576, 1.4514645064812153e-09
0.2251790888323236, 1.4424894747650926e-09
0.22522549897838445, 1.4657751090867076e-09
0.22564511255076253, 1.3958855241722712e-09
0.22517908277503212, 1.4035880888649315e-09
0.22554429895754158, 1.392076113518067e-09
0.2248773007653388, 1.447026261099706e-09
0.22563393874634233, 1.4449166501295933e-09
0.22569444734075553, 1.464710318535959e-09
0.22562724363801775, 1.3965554319154075e-09
0.22515061633586975, 1.4434777403966899e-09
0.22530153092814817, 1.4403124091168823e-09
0.22586013051317722, 1.413832854786231e-09
0.22518884804888223, 1.444589167984998e-09
0.225492259549367, 1.4438360500294938e-09
0.22558046065325432, 1.4496434637845088e-09
data/wet_pvc_400/exp_300, r: 0.2257040740214239, std_dev: 0.0002259829410833494, fps: 1.273962108527958
0.2257976096975896, 1.320264068324604e-09
0.22558318494452012, 1.3105504120584145e-09
0.22543949350708853, 1.3180106795545132e-09
0.22547858976693352, 1.2958312621481507e-09
0.2256628159532141, 1.31585558531384e-09
0.22560409055088623, 1.3416481568444982e-09
0.22561227839185644, 1.306647644939226e-09
0.22546445141248592, 1.3085551139281236e-09
0.22568878960759592, 1.3160639425204099e-09
0.22515880398935703, 1.316186853165183e-09
0.22539156561218054, 1.3264177153293594e-09
0.22547389872483453, 1.3104542525383618e-09
0.2257363029122004, 1.3082732045781676e-09
0.22569925885165662, 1.298671589515874e-09
0.2256712764979948, 1.2934403885825387e-09
0.22591244551758916, 1.273849731943049e-09
0.22558356608155322, 1.2912054375723549e-09
0.22534629146168514, 1.3036564946061572e-09
0.22604478352659407, 1.2654066160733413e-09
0.22614446580106043, 1.3112655903425326e-09
0.22562350577563897, 1.3412838798207083e-09
0.22595223174618737, 1.3144301307125145e-09
0.22549296253373974, 1.3163937023222665e-09
0.22571599500850684, 1.3113232713682091e-09
0.2260005735161348, 1.3057644654570704e-09
0.22590628761266113, 1.2831128599004522e-09
0.22559927746262684, 1.2875105884152352e-09
0.22576965531430346, 1.2889887607125931e-09
0.225829112556648, 1.3185312104109113e-09
0.22567608418391055, 1.3103058251715638e-09
0.22581809139923517, 1.2774345106486139e-09
0.2259815053798851, 1.2793463166639846e-09
0.2258232606032221, 1.2920611215685038e-09
0.22563159259670734, 1.3363683004414534e-09
0.2256926495943765, 1.3155792969207804e-09
0.22577365456254228, 1.2829276514339181e-09
0.2258476480971944, 1.3161016052207425e-09
0.22571577904166049, 1.2984557428637387e-09
0.22589223903419342, 1.2708268371522368e-09
0.2262577219832961, 1.2633203325190096e-09
0.22583063712298215, 1.2581994767083551e-09
0.2261208182176508, 1.2710355175089874e-09
0.22574394791774352, 1.2645099023443349e-09
0.22592610425251605, 1.2901072280443032e-09
0.22550114244108976, 1.3242275143354283e-09
0.2258132545775402, 1.3145561895417716e-09
0.22551829354967984, 1.3144367092117704e-09
0.2254823172790842, 1.3262721287721306e-09
0.22543711955575407, 1.3238065257158766e-09
0.22533627534561038, 1.3044957655882698e-09
data/wet_pvc_400/exp_400, r: 0.22571367874159948, std_dev: 0.00015525365629247785, fps: 1.2995716248165115
0.22582265559405795, 1.2371042097686596e-09
0.22545531065855448, 1.2608251542666772e-09
0.22591418781575334, 1.2538192062845664e-09
0.22560794414120275, 1.2809095196912646e-09
0.22561835285935838, 1.2724174861629687e-09
0.22572275398497543, 1.2761707661584666e-09
0.22585684164830622, 1.269743479836314e-09
0.2257939820603081, 1.2678503895154244e-09
0.22578349965448613, 1.2721843616189422e-09
0.2258256746216248, 1.2615044024715391e-09
0.22590575996879644, 1.2584208544511804e-09
0.22580261076791416, 1.2427352045082345e-09
0.225821035172412, 1.2673369710887864e-09
0.22581239259743688, 1.2569400573424059e-09
0.22569920702904717, 1.2735286567621174e-09
0.22555603633916477, 1.256661044511524e-09
0.22574337838956554, 1.269694094954474e-09
0.22560829223258846, 1.2522201730392969e-09
0.2257051714065313, 1.2805614180758229e-09
0.22584033410907242, 1.273888588417384e-09
0.22552117206505418, 1.2651975036445904e-09
0.22570250183433221, 1.2718343590064623e-09
0.22608974632268708, 1.2325247981636426e-09
0.22561798188780988, 1.2680876118183957e-09
0.2257529973148278, 1.277863904362696e-09
0.22565637380193093, 1.2790986980035355e-09
0.2257581597850539, 1.2463239996833128e-09
0.22575344539206904, 1.2346073981673461e-09
0.22568639509203298, 1.2687093815618923e-09
0.22607856287379458, 1.2486660880710063e-09
0.22597919124424098, 1.2381593773751495e-09
0.22565743145584527, 1.249195900030019e-09
0.22569877532765026, 1.281300742327239e-09
0.22590609970543374, 1.254796577989786e-09
0.22566653867482112, 1.2535440948572974e-09
0.22578182580728434, 1.2460999075329974e-09
0.22556856600967995, 1.2824758788993323e-09
0.22573148466288803, 1.2589764749705346e-09
0.2254994781780759, 1.2587558178519322e-09
0.225681655419637, 1.2470299708440568e-09
0.22534928164731824, 1.2651944102686514e-09
0.22538249344730407, 1.3014921650687793e-09
0.22545453232487783, 1.2737796848857025e-09
0.22562548376739955, 1.2722635727291787e-09
0.22583138560860314, 1.264971877565225e-09
0.22564285503988896, 1.2833590144993602e-09
0.22568225873587458, 1.2613259097521837e-09
0.22579357024864954, 1.2665234667194747e-09
0.2256375412356642, 1.2565196845124542e-09
0.22560073111808654, 1.2516571764692398e-09
data/wet_pvc_400/exp_50, r: 0.2231525610407494, std_dev: 0.0010674093738075488, fps: 4.615005298619154
0.2211333995224598, 1.0463241932261053e-08
0.2213148596465183, 1.1938073237224986e-08
0.22294651729779133, 1.3233141909949322e-08
0.2224998793919695, 1.2341011582832301e-08
0.22418790847263576, 1.2538486397623678e-08
0.2234617859198187, 1.3656266647816347e-08
0.22288140281458754, 1.554602980782991e-08
0.22397138467108535, 1.4723648546855967e-08
0.22494064965349397, 1.4169110219238295e-08
0.2223704568030152, 1.2967645983531718e-08
0.22482210303064912, 1.4000411628021218e-08
0.2216290045330359, 1.2629901171572862e-08
0.22368524750040217, 1.1761530011654171e-08
0.22297031295059816, 1.4899129418617615e-08
0.22513206518631274, 1.3671363926600337e-08
0.22327983014914882, 1.261635165684038e-08
0.22357909869209788, 1.3141585053185246e-08
0.22424746513918326, 1.5117631197198794e-08
0.22404002502994438, 1.3657459436424905e-08
0.2250159418233056, 1.4308322458390775e-08
0.22278380233811218, 1.4698167044722624e-08
0.2239110344579722, 1.2669693798623186e-08
0.22423119305690323, 1.2615776341610914e-08
0.22299289838630654, 1.4367828975285594e-08
0.22359851244267118, 1.29606673134136e-08
0.22148234307099685, 1.3517604855413579e-08
0.22303192720300474, 1.3481563393392428e-08
0.22178886017293914, 1.11743686137805e-08
0.22454488882236093, 1.4624747216242346e-08
0.22308241427292674, 1.4706885664592086e-08
0.22100512450439946, 1.5051300324446028e-08
0.22305945037439717, 1.2831774324712138e-08
0.22311103710409183, 1.4534514273465849e-08
0.2221255976183165, 1.1681181067053368e-08
0.2225868732802413, 1.2150470406059957e-08
0.22276523064472764, 1.2819229689833913e-08
0.22363528225449963, 1.404867743533066e-08
0.2229995509745428, 1.3516345433399898e-08
0.2242906516890909, 1.3848732167897125e-08
0.22237773416289922, 1.3459792229775337e-08
0.22467556934225044, 1.8325680243718403e-08
0.2228110836278149, 1.4625146844718654e-08
0.22307788634657463, 1.4254523503439443e-08
0.22121714805247528, 1.2970388455714677e-08
0.22261058977850945, 1.236383794492207e-08
0.2217093041308554, 1.50468195898451e-08
0.2239456259078521, 1.4858867482513298e-08
0.22259741299363878, 1.3044689722775034e-08
0.22372130652340835, 1.2427409632474222e-08
0.22374838027463487, 1.4824239731590844e-08
data/wet_pvc_400/exp_500, r: 0.22537883359186214, std_dev: 0.00013442309984329446, fps: 1.268911706749269
0.22549328333175406, 1.2543688772751325e-09
0.2254903468645242, 1.2501919492782334e-09
0.22541033614067696, 1.239273629062138e-09
0.2255589829593386, 1.2608043284259205e-09
0.22543160329493991, 1.2697299653857644e-09
0.22542447936574725, 1.2473775842325714e-09
0.22544381034010355, 1.2552535506357347e-09
0.22540785881279027, 1.2342690784462959e-09
0.225360369886646, 1.2517712914004092e-09
0.2253832048223499, 1.2503312125743023e-09
0.22541620447204258, 1.2722461379256922e-09
0.2254207059780428, 1.2591020379610278e-09
0.22539440007093128, 1.2647637338773894e-09
0.22537836632507183, 1.2635485867283884e-09
0.22533602180996462, 1.2490533929618388e-09
0.22534550409300333, 1.258056020629335e-09
0.2254037396073852, 1.2537399979644922e-09
0.22535531098059147, 1.2585203913842446e-09
0.22540994758166247, 1.2599236196252238e-09
0.2254839218668066, 1.2623027088598529e-09
0.2253595734588141, 1.2492086261139818e-09
0.22548200933187892, 1.2356534644361627e-09
0.22568812598986895, 1.2443578359379459e-09
0.22530292622605616, 1.2630057370517656e-09
0.22547360724382967, 1.2628267473142426e-09
0.22527150522810463, 1.2544588644834973e-09
0.22542994549661616, 1.2771751366770385e-09
0.22533300615421867, 1.2616226966645746e-09
0.22532911600188577, 1.2751978045361954e-09
0.22532478633826636, 1.2565008344221956e-09
0.22528009324481205, 1.2616192030095304e-09
0.22545061535806493, 1.2626464980885712e-09
0.22519094725115016, 1.2533170849191724e-09
0.2257496864902249, 1.2655959223653152e-09
0.2250640306370324, 1.2633153082170301e-09
0.22518303467296488, 1.2739818911223835e-09
0.22532188767172073, 1.2784723172419946e-09
0.2252275877842785, 1.2745972077699038e-09
0.22522231775114282, 1.2527445131950763e-09
0.22516220088827651, 1.2524656583814218e-09
0.22519204571596202, 1.265820171350122e-09
0.22526969352839787, 1.2676477592720602e-09
0.22520307080644558, 1.2846081403859827e-09
0.2253408107603166, 1.2600044618056408e-09
0.22551560101097645, 1.2599010524858799e-09
0.2251571025504626, 1.268715519031344e-09
0.2254560247492906, 1.2496366964034702e-09
0.22550387142955408, 1.2477192499104654e-09
0.22557476787683786, 1.236759916513568e-09
0.22553328934128616, 1.2587272633987222e-09
