data/dry_pvc_400_long_right/exp_100, r: 0.2106965541637358, std_dev: 0.0005643498160503539, fps: 1.6440667899624775
0.21028855163657834, 7.375663367564444e-10
0.21088730108210377, 6.995170613881104e-10
0.21019715299724148, 6.767894505508284e-10
0.209903445394352, 6.84086805948586e-10
0.21046190304682424, 7.311084129198048e-10
0.21105697386335828, 7.129706133691517e-10
0.21014876245384267, 6.800969657423409e-10
0.21082536864168533, 7.076173294676825e-10
0.21036036573085887, 7.393108778539671e-10
0.21085493754593224, 7.17724487749377e-10
0.21030762891185298, 7.417634380747266e-10
0.21048004593823244, 7.101763137332274e-10
0.21030318702348613, 7.172458879306491e-10
0.21072347257244334, 7.73939415130802e-10
0.21111624139816407, 7.124612776692002e-10
0.21168108905715796, 7.507975790629266e-10
0.21089473612885648, 7.628432650701435e-10
0.21083439042157903, 7.571025883111601e-10
0.21039631518169746, 7.459928835294659e-10
0.2125078336950202, 7.532557028754708e-10
0.20983134257817038, 7.472449585320081e-10
0.21109570488506224, 6.825948305406152e-10
0.21103583326895697, 7.88105564474235e-10
0.21136691521934547, 7.116418540154136e-10
0.21070121922209623, 6.79353636726529e-10
0.21148981017401008, 6.929345508082209e-10
0.21101664520513427, 6.880289983850252e-10
0.21124080594196895, 6.992791446583676e-10
0.20948226204137274, 6.857762079397787e-10
0.20950781418187556, 7.456395443874275e-10
0.21146758317635403, 6.829683524094732e-10
0.21045261030641282, 6.885983303132871e-10
0.2106496807992663, 6.582244613314794e-10
0.21019801369058938, 6.963200461045614e-10
0.21058548607017638, 6.951890228491564e-10
0.2105311748563095, 7.074495892514856e-10
0.2107577058270447, 7.091282691770072e-10
0.21057414094965887, 7.151355458494921e-10
0.21074465643463358, 6.913515449145527e-10
0.21199699387157328, 7.230433108390288e-10
0.21092186540779626, 7.051429168278309e-10
0.21058411400331536, 7.432820661739276e-10
0.21044949842998747, 7.21682944511632e-10
0.21044530509482562, 7.189003487872103e-10
0.2099749671733132, 6.838163766807138e-10
0.2110392343662364, 7.358988415189833e-10
0.21072377724172828, 7.299104336091395e-10
0.2104696322521317, 6.977010115877749e-10
0.21051778501667484, 7.106943460443023e-10
0.21074542777950334, 6.924734815448802e-10
data/dry_pvc_400_long_right/exp_200, r: 0.21088694379004114, std_dev: 0.0004465252010921511, fps: 1.2251870788458121
0.2107341703221785, 2.6617374543557895e-10
0.21074117263674272, 2.869233071307256e-10
0.21036947134788256, 2.7393983511651503e-10
0.21108028491438655, 2.7679860449785133e-10
0.21129634259138144, 2.7984986978723727e-10
0.2105935679605368, 2.9355709674282183e-10
0.2105672459070597, 2.6301173307958883e-10
0.2107401374947791, 2.730720737588723e-10
0.21079463790490105, 2.730768673377273e-10
0.2106471038200505, 2.6898851213518157e-10
0.2111516137670562, 2.707142970047533e-10
0.21028755715166345, 2.708398874384348e-10
0.21168128819404802, 2.6260947260007967e-10
0.21116005385468384, 2.777444245876041e-10
0.2116404097551702, 2.68990609061848e-10
0.21062238693094953, 2.7475984319753216e-10
0.21105673585245688, 2.727099897168187e-10
0.21101157593464526, 2.6297059812242316e-10
0.21123783318456948, 2.8647491347823233e-10
0.21115867821061224, 2.6534626882865404e-10
0.2104742789139445, 2.9052442855393907e-10
0.21103909199371626, 2.8061228194391864e-10
0.2109551200500696, 2.684855873768035e-10
0.20974110060485152, 2.6636122311106646e-10
0.21080815295190342, 2.7091820395307193e-10
0.2118265485907324, 2.609332213932286e-10
0.21053057668553454, 2.746081697236074e-10
0.21139851939473142, 2.8724514989349235e-10
0.21017266405430565, 2.7219967835090375e-10
0.2112152972402086, 2.823479876314952e-10
0.21071502058105124, 2.7310445802915377e-10
0.21103467197585754, 2.7571405036055476e-10
0.2106070631847753, 2.680346107875433e-10
0.21047646312342397, 2.580694714467611e-10
0.2113494338147467, 2.7769212699458263e-10
0.2109304036577054, 2.5922555995141727e-10
0.2105741634239033, 2.7700015906148317e-10
0.210907974492322, 2.7372049298340077e-10
0.21075517194532564, 2.789459955266936e-10
0.21145207377921094, 2.6685849909788637e-10
0.21094659593285547, 2.681236821491118e-10
0.211467419582573, 2.7437741410729216e-10
0.21010672791066953, 2.5827272481031753e-10
0.21123387593548193, 2.621336626644149e-10
0.21042884394362835, 2.6520487158924976e-10
0.21183316605469124, 2.633474702122807e-10
0.21076253087423327, 2.7127394891030664e-10
0.21090703456106916, 2.7942881399390594e-10
0.2108831135095909, 2.7380084225437994e-10
0.2102418230031882, 2.547944468364844e-10
data/dry_pvc_400_long_right/exp_300, r: 0.21100015450389645, std_dev: 0.00026958216500127754, fps: 1.164844311789569
0.21131162437339102, 1.4807145684135117e-10
0.210927323682245, 1.551169380103797e-10
0.21088145842062236, 1.5083056762708754e-10
0.21147390414151493, 1.6141494270979028e-10
0.21051077431432047, 1.506434194587662e-10
0.21108877666534157, 1.600457902567769e-10
0.21107663370085625, 1.5960945235564193e-10
0.2113695884316198, 1.488643793921187e-10
0.21146836707215746, 1.542068855837023e-10
0.2111909859821614, 1.4685477100769778e-10
0.21103300754236856, 1.4788148991783124e-10
0.21099957115434437, 1.5509920872540017e-10
0.21101837629499276, 1.4925361645995553e-10
0.21098079528313285, 1.5840304634102287e-10
0.21083186754364094, 1.503651707306286e-10
0.2108246934853854, 1.588506464689476e-10
0.21087763073862753, 1.5718251464272917e-10
0.21102412648988034, 1.5327714498510187e-10
0.21115769470817927, 1.5237379825837557e-10
0.2112111654888905, 1.581613333066421e-10
0.21106969289208655, 1.6696737896154847e-10
0.21121156704179547, 1.6523508169238035e-10
0.21134123932713972, 1.5874523926592845e-10
0.2109485860075501, 1.443213034355174e-10
0.21104372486065762, 1.5075472335536254e-10
0.2108015519675727, 1.6163596758204905e-10
0.2109743999015861, 1.6031672189912497e-10
0.21113258978741634, 1.5467997081172115e-10
0.2112565048721408, 1.5899150673765916e-10
0.21085576973054024, 1.5288404447189393e-10
0.21096936086256285, 1.493434369317011e-10
0.21086302363361553, 1.4896407519269542e-10
0.21065280206253784, 1.5166370833798144e-10
0.21166096415882524, 1.5598669900476418e-10
0.21068141794699832, 1.5224868898221474e-10
0.21046549268118012, 1.5102560100073659e-10
0.21068931452340853, 1.606112226126435e-10
0.21083587994832456, 1.5430198384321193e-10
0.2108943562454177, 1.5253636418003746e-10
0.21104289050943825, 1.5407927454261568e-10
0.2107915510449155, 1.5640897738606668e-10
0.21080049465433107, 1.5307359346527947e-10
0.21090330146711325, 1.488053678573311e-10
0.2109317388417099, 1.498677404208996e-10
0.211458661146186, 1.4873802906202884e-10
0.2107755210842966, 1.5506261491917318e-10
0.21160187527829383, 1.5600918983517103e-10
0.2106739523480147, 1.577885763621969e-10
0.21080789225211274, 1.6326449424419246e-10
0.21061324260338213, 1.5418711590968426e-10
data/dry_pvc_400_long_right/exp_400, r: 0.21092424991036934, std_dev: 0.0001765407449646685, fps: 1.1445236181145038
0.21066473598647534, 1.1528977770781685e-10
0.21077862174828524, 1.1635646755217157e-10
0.21130102916652424, 1.1523134257620622e-10
0.2111113133275645, 1.1224934164117273e-10
0.2108656970667931, 1.149607712826931e-10
0.21102624164540185, 1.1596805736582778e-10
0.2111258140005002, 1.1345119224969566e-10
0.21082494261725337, 1.1367347204121308e-10
0.2108472925462699, 1.1414338265454473e-10
0.2110916064537822, 1.1216805659767405e-10
0.21110807318091823, 1.1417535672365713e-10
0.21096428932910888, 1.1368305647908335e-10
0.21062037398091674, 1.1377542122162907e-10
0.21073849801301078, 1.180328420341851e-10
0.21088810842133732, 1.1455924272557431e-10
0.21061373364451005, 1.1864131820464703e-10
0.21077129113806276, 1.1202800806405886e-10
0.21063945873390377, 1.1313689787778443e-10
0.21093471897708352, 1.1351394418313429e-10
0.21088540736311664, 1.1515574025971612e-10
0.21057024806028785, 1.1261903107255328e-10
0.2107749051810521, 1.1448304799148502e-10
0.21097344842462756, 1.1323978302078638e-10
0.2108601624283646, 1.196130703005808e-10
0.21074975081633338, 1.122659543493462e-10
0.21101156886409875, 1.1340905870939071e-10
0.21092957462490322, 1.152194436086704e-10
0.2109832002080734, 1.1554559532114686e-10
0.21083374508205688, 1.1321601171391896e-10
0.21113506998401976, 1.1576545145152196e-10
0.2109820528641356, 1.1051490312792777e-10
0.2110015287851654, 1.1426532835460721e-10
0.21107045090530982, 1.1427636081575112e-10
0.21100009622804156, 1.1613858440692939e-10
0.2108681518582745, 1.136050720511012e-10
0.2110716817729967, 1.144383046665957e-10
0.21071170146526122, 1.1439533116432072e-10
0.21085184412245406, 1.1925589191959912e-10
0.21140422349176613, 1.1367783970250847e-10
0.21091402484218216, 1.167368754048983e-10
0.21074061242685166, 1.1027213579896492e-10
0.21121340995682836, 1.0945948355892908e-10
0.21091587633880912, 1.0799511746943178e-10
0.21097701553638554, 1.1575367054472382e-10
0.21105655928185788, 1.1996426474311985e-10
0.2110519206879877, 1.1406360444004127e-10
0.21094462576780712, 1.1046542135074759e-10
0.21077358754386402, 1.1505133722174926e-10
0.21094512198475543, 1.1663736343057427e-10
0.21109508864309812, 1.1535839412835366e-10
data/dry_pvc_400_long_right/exp_50, r: 0.19992926861637908, std_dev: 0.0027939183615982043, fps: 3.067133621099414
0.20398841993792333, 2.0067115410031763e-09
0.20064605876729147, 1.89453492787793e-09
0.19811078897546078, 1.9334319014638985e-09
0.20235674206258258, 1.9454966464765966e-09
0.19616262218436128, 1.8207908799915262e-09
0.206167646066496, 2.0959510806650303e-09
0.2028402368483954, 1.8169476190857168e-09
0.20143056149833505, 1.9556532324283683e-09
0.19896258506528833, 1.9027417877052892e-09
0.1969927390672629, 1.6456369150197602e-09
0.19482795177807818, 1.835370363924628e-09
0.20046026900129083, 1.8724315313237718e-09
0.20068030492622546, 2.0270791086928863e-09
0.2038338176033848, 1.8469802921182032e-09
0.20040651545179125, 1.947025333565528e-09
0.2024688633003356, 2.0719548793658903e-09
0.19676476585001182, 1.8133959787219657e-09
0.20254553724345842, 2.105855314945911e-09
0.19860769923521632, 1.9624405470900703e-09
0.19827540508903488, 2.1049270345566364e-09
0.19977143777625128, 1.9735541285406963e-09
0.2064375680301522, 2.2287779973058024e-09
0.20054736994879813, 1.8301668729752177e-09
0.19620051485368278, 2.0447454088926657e-09
0.20265232439772296, 1.867404072502334e-09
0.19310647703571726, 1.8636471184239197e-09
0.20216245246374262, 2.1628374874178727e-09
0.19885640185994655, 1.9887903765523837e-09
0.20311702602438525, 1.9593111935664604e-09
0.2033845947759573, 2.07593405550421e-09
0.1999839111606506, 1.8593274586484277e-09
0.19860807735415514, 1.9288884503146263e-09
0.19946741640757867, 1.9621159723310325e-09
0.19665456906632825, 2.036327623525995e-09
0.2022659339493694, 1.946950532861335e-09
0.20108025980430502, 1.8902412155887702e-09
0.19751607588152467, 1.8269424827129605e-09
0.1995954916192545, 1.7970888670174208e-09
0.19729508240655352, 1.920088450372027e-09
0.19680092742633035, 1.7392545236786162e-09
0.1975394368546589, 1.7365556933903768e-09
0.1967293367137103, 1.858681480112715e-09
0.20120682922753502, 1.9797629176804515e-09
0.19961337750688296, 1.8228749859399542e-09
0.2002314770626701, 2.0375800777502787e-09
0.19693739528738588, 1.8152700983538323e-09
0.20050965177217928, 1.9751702424001458e-09
0.19917369185341208, 1.8600406376612044e-09
0.20065979874461598, 1.8501157656052829e-09
0.20182899360127496, 1.922287250339482e-09
data/dry_pvc_400_long_right/exp_500, r: 0.21118052313425867, std_dev: 0.00013411013784773995, fps: 1.1478610319857165
0.21119057171088004, 9.891797637073394e-11
0.21117920112143956, 9.723708181966769e-11
0.21110525040644343, 9.160198485070032e-11
0.2111348560690871, 9.4809087323791e-11
0.21122493510976542, 9.4674777273094e-11
0.21098209566453988, 9.651927055320763e-11
0.210986193762672, 9.693380927863454e-11
0.21140328236082376, 9.641887395686595e-11
0.21137240639576765, 9.449208122782625e-11
0.21132698511746545, 9.415024599677612e-11
0.21111927587976934, 9.263869508109126e-11
0.21119547378502024, 9.781669940370899e-11
0.2111347321602764, 9.46720592593184e-11
0.2113153461963599, 9.545900565162322e-11
0.21111867367304307, 9.589316820262473e-11
0.21096003402192745, 9.879663187675096e-11
0.21105569758018108, 9.68821504831947e-11
0.21111310330333466, 9.44843204886122e-11
0.21122877369991663, 9.265989473540262e-11
0.21131955474568065, 9.367910425215975e-11
0.211215053429881, 9.354571423486152e-11
0.21117931185469013, 9.221011074075099e-11
0.2112045230381129, 9.214300810275542e-11
0.21127897406992283, 9.518996047643458e-11
0.21127353527033396, 9.902108650148399e-11
0.2113841575905217, 9.661231080812315e-11
0.21144063339070368, 9.339627052950897e-11
0.2113099223398753, 9.2093706520606e-11
0.21112555441251257, 9.663367323133142e-11
0.21107602091659547, 9.61075881715439e-11
0.2113967514563503, 9.190586144848482e-11
0.21122978023443825, 9.433734457487473e-11
0.21106570111017967, 9.552204245730276e-11
0.21113869466417517, 9.321223452991406e-11
0.21121819167712286, 9.276915655611582e-11
0.21127961253460334, 9.279109683461584e-11
0.21133406326700713, 9.659262029134914e-11
0.21111318733735687, 9.3643020967749e-11
0.2107906496745262, 9.463118052153415e-11
0.2111876316443098, 9.511869642382632e-11
0.21116985281179773, 9.596564696139315e-11
0.21095997665710636, 9.702011278002354e-11
0.21108028047315067, 9.533166515787174e-11
0.21099630657024498, 8.94223720702357e-11
0.21131202621827277, 9.151442543062462e-11
0.21117838276158202, 9.379731496394153e-11
0.21121379276786786, 9.60308056741592e-11
0.21116398664307415, 9.24553709170496e-11
0.21125226576637385, 9.403405722493898e-11
0.21099089336584745, 9.077378598909369e-11
